# 1 DN, 2 rho 1545nm, 3 rho 1064nm
# a 1.458080 2.515120
0 0.000002 0.000001
1 0.000006 0.000003
2 0.000010 0.000005
3 0.000015 0.000007
4 0.000019 0.000008
5 0.000023 0.000010
6 0.000027 0.000012
7 0.000032 0.000014
8 0.000036 0.000016
9 0.000040 0.000018
10 0.000044 0.000020
11 0.000049 0.000022
12 0.000053 0.000024
13 0.000057 0.000026
14 0.000061 0.000028
15 0.000066 0.000030
16 0.000070 0.000032
17 0.000074 0.000034
18 0.000079 0.000036
19 0.000083 0.000037
20 0.000087 0.000039
21 0.000092 0.000041
22 0.000096 0.000043
23 0.000101 0.000045
24 0.000105 0.000047
25 0.000109 0.000049
26 0.000114 0.000051
27 0.000118 0.000053
28 0.000123 0.000056
29 0.000127 0.000058
30 0.000132 0.000060
31 0.000136 0.000062
32 0.000141 0.000064
33 0.000145 0.000066
34 0.000150 0.000068
35 0.000154 0.000070
36 0.000159 0.000072
37 0.000163 0.000074
38 0.000168 0.000076
39 0.000172 0.000078
40 0.000177 0.000080
41 0.000182 0.000082
42 0.000186 0.000085
43 0.000191 0.000087
44 0.000195 0.000089
45 0.000200 0.000091
46 0.000205 0.000093
47 0.000209 0.000095
48 0.000214 0.000097
49 0.000219 0.000100
50 0.000223 0.000102
51 0.000228 0.000104
52 0.000233 0.000106
53 0.000238 0.000108
54 0.000242 0.000110
55 0.000247 0.000113
56 0.000252 0.000115
57 0.000257 0.000117
58 0.000261 0.000119
59 0.000266 0.000122
60 0.000271 0.000124
61 0.000276 0.000126
62 0.000281 0.000128
63 0.000286 0.000131
64 0.000290 0.000133
65 0.000295 0.000135
66 0.000300 0.000138
67 0.000305 0.000140
68 0.000310 0.000142
69 0.000315 0.000144
70 0.000320 0.000147
71 0.000325 0.000149
72 0.000330 0.000151
73 0.000335 0.000154
74 0.000340 0.000156
75 0.000345 0.000158
76 0.000350 0.000161
77 0.000355 0.000163
78 0.000360 0.000166
79 0.000365 0.000168
80 0.000370 0.000170
81 0.000375 0.000173
82 0.000380 0.000175
83 0.000385 0.000178
84 0.000391 0.000180
85 0.000396 0.000183
86 0.000401 0.000185
87 0.000406 0.000188
88 0.000411 0.000190
89 0.000416 0.000193
90 0.000422 0.000195
91 0.000427 0.000198
92 0.000432 0.000200
93 0.000437 0.000203
94 0.000443 0.000205
95 0.000448 0.000208
96 0.000453 0.000210
97 0.000459 0.000213
98 0.000464 0.000215
99 0.000469 0.000218
100 0.000475 0.000221
101 0.000480 0.000223
102 0.000486 0.000226
103 0.000491 0.000228
104 0.000496 0.000231
105 0.000502 0.000234
106 0.000507 0.000236
107 0.000513 0.000239
108 0.000518 0.000242
109 0.000524 0.000244
110 0.000529 0.000247
111 0.000535 0.000250
112 0.000541 0.000253
113 0.000546 0.000255
114 0.000552 0.000258
115 0.000557 0.000261
116 0.000563 0.000263
117 0.000569 0.000266
118 0.000574 0.000269
119 0.000580 0.000272
120 0.000586 0.000275
121 0.000591 0.000278
122 0.000597 0.000280
123 0.000603 0.000283
124 0.000609 0.000286
125 0.000614 0.000289
126 0.000620 0.000292
127 0.000626 0.000295
128 0.000632 0.000298
129 0.000638 0.000301
130 0.000644 0.000304
131 0.000650 0.000306
132 0.000656 0.000309
133 0.000662 0.000312
134 0.000668 0.000315
135 0.000673 0.000318
136 0.000679 0.000321
137 0.000686 0.000324
138 0.000692 0.000327
139 0.000698 0.000331
140 0.000704 0.000334
141 0.000710 0.000337
142 0.000716 0.000340
143 0.000722 0.000343
144 0.000728 0.000346
145 0.000734 0.000349
146 0.000741 0.000352
147 0.000747 0.000356
148 0.000753 0.000359
149 0.000759 0.000362
150 0.000766 0.000365
151 0.000772 0.000368
152 0.000778 0.000372
153 0.000785 0.000375
154 0.000791 0.000378
155 0.000797 0.000381
156 0.000804 0.000385
157 0.000810 0.000388
158 0.000817 0.000391
159 0.000823 0.000395
160 0.000830 0.000398
161 0.000836 0.000402
162 0.000843 0.000405
163 0.000849 0.000408
164 0.000856 0.000412
165 0.000863 0.000415
166 0.000869 0.000419
167 0.000876 0.000422
168 0.000883 0.000426
169 0.000889 0.000429
170 0.000896 0.000433
171 0.000903 0.000437
172 0.000910 0.000440
173 0.000916 0.000444
174 0.000923 0.000447
175 0.000930 0.000451
176 0.000937 0.000455
177 0.000944 0.000458
178 0.000951 0.000462
179 0.000958 0.000466
180 0.000965 0.000470
181 0.000972 0.000473
182 0.000979 0.000477
183 0.000986 0.000481
184 0.000993 0.000485
185 0.001000 0.000489
186 0.001007 0.000493
187 0.001015 0.000497
188 0.001022 0.000501
189 0.001029 0.000505
190 0.001036 0.000508
191 0.001044 0.000512
192 0.001051 0.000517
193 0.001058 0.000521
194 0.001066 0.000525
195 0.001073 0.000529
196 0.001080 0.000533
197 0.001088 0.000537
198 0.001095 0.000541
199 0.001103 0.000545
200 0.001111 0.000550
201 0.001118 0.000554
202 0.001126 0.000558
203 0.001133 0.000563
204 0.001141 0.000567
205 0.001149 0.000571
206 0.001157 0.000576
207 0.001164 0.000580
208 0.001172 0.000585
209 0.001180 0.000589
210 0.001188 0.000594
211 0.001196 0.000598
212 0.001204 0.000603
213 0.001212 0.000607
214 0.001220 0.000612
215 0.001228 0.000617
216 0.001236 0.000621
217 0.001244 0.000626
218 0.001252 0.000631
219 0.001260 0.000636
220 0.001269 0.000640
221 0.001277 0.000645
222 0.001285 0.000650
223 0.001294 0.000655
224 0.001302 0.000660
225 0.001310 0.000665
226 0.001319 0.000670
227 0.001327 0.000675
228 0.001336 0.000680
229 0.001344 0.000686
230 0.001353 0.000691
231 0.001362 0.000696
232 0.001370 0.000701
233 0.001379 0.000707
234 0.001388 0.000712
235 0.001397 0.000717
236 0.001405 0.000723
237 0.001414 0.000728
238 0.001423 0.000734
239 0.001432 0.000740
240 0.001441 0.000745
241 0.001450 0.000751
242 0.001459 0.000757
243 0.001469 0.000762
244 0.001478 0.000768
245 0.001487 0.000774
246 0.001496 0.000780
247 0.001506 0.000786
248 0.001515 0.000792
249 0.001525 0.000798
250 0.001534 0.000804
251 0.001544 0.000811
252 0.001553 0.000817
253 0.001563 0.000823
254 0.001572 0.000830
255 0.001582 0.000836
256 0.001592 0.000843
257 0.001602 0.000849
258 0.001612 0.000856
259 0.001622 0.000862
260 0.001631 0.000869
261 0.001642 0.000876
262 0.001652 0.000883
263 0.001662 0.000890
264 0.001672 0.000897
265 0.001682 0.000904
266 0.001693 0.000911
267 0.001703 0.000918
268 0.001713 0.000926
269 0.001724 0.000933
270 0.001734 0.000941
271 0.001745 0.000948
272 0.001756 0.000956
273 0.001766 0.000964
274 0.001777 0.000971
275 0.001788 0.000979
276 0.001799 0.000987
277 0.001810 0.000996
278 0.001821 0.001004
279 0.001832 0.001012
280 0.001843 0.001020
281 0.001854 0.001029
282 0.001866 0.001038
283 0.001877 0.001046
284 0.001889 0.001055
285 0.001900 0.001064
286 0.001912 0.001073
287 0.001923 0.001082
288 0.001935 0.001092
289 0.001947 0.001101
290 0.001959 0.001111
291 0.001971 0.001120
292 0.001983 0.001130
293 0.001995 0.001140
294 0.002007 0.001150
295 0.002019 0.001161
296 0.002031 0.001171
297 0.002044 0.001181
298 0.002056 0.001192
299 0.002069 0.001203
300 0.002082 0.001214
301 0.002094 0.001225
302 0.002107 0.001237
303 0.002120 0.001249
304 0.002133 0.001260
305 0.002146 0.001272
306 0.002159 0.001285
307 0.002173 0.001297
308 0.002186 0.001310
309 0.002200 0.001322
310 0.002213 0.001336
311 0.002227 0.001349
312 0.002241 0.001363
313 0.002254 0.001376
314 0.002268 0.001391
315 0.002282 0.001405
316 0.002297 0.001420
317 0.002311 0.001435
318 0.002325 0.001450
319 0.002340 0.001466
320 0.002354 0.001482
321 0.002369 0.001498
322 0.002384 0.001515
323 0.002399 0.001532
324 0.002414 0.001550
325 0.002429 0.001568
326 0.002445 0.001586
327 0.002460 0.001605
328 0.002476 0.001624
329 0.002491 0.001644
330 0.002507 0.001665
331 0.002523 0.001686
332 0.002539 0.001707
333 0.002555 0.001730
334 0.002572 0.001753
335 0.002588 0.001776
336 0.002605 0.001801
337 0.002622 0.001826
338 0.002639 0.001852
339 0.002656 0.001879
340 0.002673 0.001907
341 0.002690 0.001935
342 0.002708 0.001965
343 0.002726 0.001996
344 0.002744 0.002029
345 0.002762 0.002062
346 0.002780 0.002097
347 0.002798 0.002134
348 0.002817 0.002172
349 0.002836 0.002212
350 0.002855 0.002254
351 0.002874 0.002298
352 0.002893 0.002344
353 0.002913 0.002392
354 0.002932 0.002443
355 0.002952 0.002497
356 0.002972 0.002554
357 0.002993 0.002615
358 0.003013 0.002678
359 0.003034 0.002746
360 0.003055 0.002818
361 0.003076 0.002895
362 0.003098 0.002976
363 0.003120 0.003063
364 0.003141 0.003155
365 0.003164 0.003252
366 0.003186 0.003356
367 0.003209 0.003465
368 0.003232 0.003580
369 0.003255 0.003700
370 0.003279 0.003826
371 0.003303 0.003957
372 0.003327 0.004093
373 0.003351 0.004233
374 0.003376 0.004377
375 0.003401 0.004523
376 0.003426 0.004673
377 0.003452 0.004824
378 0.003478 0.004978
379 0.003504 0.005133
380 0.003531 0.005289
381 0.003558 0.005447
382 0.003586 0.005605
383 0.003614 0.005763
384 0.003642 0.005923
385 0.003671 0.006082
386 0.003700 0.006242
387 0.003729 0.006403
388 0.003759 0.006563
389 0.003790 0.006724
390 0.003821 0.006884
391 0.003852 0.007045
392 0.003884 0.007206
393 0.003917 0.007367
394 0.003950 0.007528
395 0.003983 0.007689
396 0.004017 0.007850
397 0.004052 0.008011
398 0.004087 0.008172
399 0.004123 0.008333
400 0.004159 0.008494
401 0.004197 0.008655
402 0.004235 0.008816
403 0.004273 0.008977
404 0.004313 0.009139
405 0.004353 0.009300
406 0.004394 0.009461
407 0.004435 0.009622
408 0.004478 0.009783
409 0.004521 0.009944
410 0.004566 0.010105
411 0.004611 0.010266
412 0.004658 0.010428
413 0.004705 0.010589
414 0.004754 0.010750
415 0.004803 0.010911
416 0.004854 0.011072
417 0.004906 0.011233
418 0.004960 0.011394
419 0.005015 0.011556
420 0.005071 0.011717
421 0.005129 0.011878
422 0.005188 0.012039
423 0.005249 0.012200
424 0.005311 0.012361
425 0.005376 0.012522
426 0.005442 0.012683
427 0.005511 0.012845
428 0.005581 0.013006
429 0.005654 0.013167
430 0.005729 0.013328
431 0.005807 0.013489
432 0.005887 0.013650
433 0.005970 0.013811
434 0.006057 0.013972
435 0.006146 0.014134
436 0.006239 0.014295
437 0.006335 0.014456
438 0.006435 0.014617
439 0.006540 0.014778
440 0.006648 0.014939
441 0.006762 0.015100
442 0.006880 0.015262
443 0.007004 0.015423
444 0.007133 0.015584
445 0.007268 0.015745
446 0.007410 0.015906
447 0.007559 0.016067
448 0.007715 0.016228
449 0.007879 0.016389
450 0.008051 0.016551
451 0.008232 0.016712
452 0.008421 0.016873
453 0.008621 0.017034
454 0.008830 0.017195
455 0.009049 0.017356
456 0.009279 0.017517
457 0.009519 0.017679
458 0.009769 0.017840
459 0.010030 0.018001
460 0.010301 0.018162
461 0.010581 0.018323
462 0.010871 0.018484
463 0.011169 0.018645
464 0.011476 0.018806
465 0.011789 0.018968
466 0.012109 0.019129
467 0.012435 0.019290
468 0.012766 0.019451
469 0.013101 0.019612
470 0.013440 0.019773
471 0.013783 0.019934
472 0.014128 0.020096
473 0.014476 0.020257
474 0.014825 0.020418
475 0.015177 0.020579
476 0.015529 0.020740
477 0.015883 0.020901
478 0.016238 0.021062
479 0.016594 0.021223
480 0.016950 0.021385
481 0.017307 0.021546
482 0.017665 0.021707
483 0.018022 0.021868
484 0.018380 0.022029
485 0.018739 0.022190
486 0.019097 0.022351
487 0.019456 0.022513
488 0.019815 0.022674
489 0.020174 0.022835
490 0.020533 0.022996
491 0.020892 0.023157
492 0.021251 0.023318
493 0.021610 0.023479
494 0.021970 0.023641
495 0.022329 0.023802
496 0.022688 0.023963
497 0.023048 0.024124
498 0.023407 0.024285
499 0.023766 0.024446
500 0.024126 0.024607
501 0.024485 0.024768
502 0.024845 0.024930
503 0.025204 0.025091
504 0.025564 0.025252
505 0.025923 0.025413
506 0.026283 0.025574
507 0.026642 0.025735
508 0.027001 0.025896
509 0.027361 0.026058
510 0.027720 0.026219
511 0.028080 0.026380
512 0.028439 0.026541
513 0.028799 0.026702
514 0.029158 0.026863
515 0.029518 0.027024
516 0.029877 0.027185
517 0.030237 0.027347
518 0.030596 0.027508
519 0.030956 0.027669
520 0.031315 0.027830
521 0.031675 0.027991
522 0.032034 0.028152
523 0.032394 0.028313
524 0.032753 0.028475
525 0.033113 0.028636
526 0.033472 0.028797
527 0.033832 0.028958
528 0.034191 0.029119
529 0.034551 0.029280
530 0.034910 0.029441
531 0.035270 0.029602
532 0.035629 0.029763
533 0.035989 0.029925
534 0.036348 0.030086
535 0.036708 0.030247
536 0.037067 0.030408
537 0.037427 0.030569
538 0.037786 0.030730
539 0.038146 0.030891
540 0.038505 0.031053
541 0.038865 0.031214
542 0.039224 0.031375
543 0.039584 0.031536
544 0.039943 0.031697
545 0.040303 0.031858
546 0.040662 0.032019
547 0.041021 0.032180
548 0.041381 0.032342
549 0.041740 0.032503
550 0.042100 0.032664
551 0.042459 0.032825
552 0.042819 0.032986
553 0.043178 0.033147
554 0.043538 0.033308
555 0.043897 0.033470
556 0.044257 0.033631
557 0.044616 0.033792
558 0.044976 0.033953
559 0.045335 0.034114
560 0.045695 0.034275
561 0.046054 0.034436
562 0.046414 0.034597
563 0.046773 0.034759
564 0.047133 0.034920
565 0.047492 0.035081
566 0.047852 0.035242
567 0.048211 0.035403
568 0.048571 0.035564
569 0.048930 0.035725
570 0.049290 0.035887
571 0.049649 0.036048
572 0.050009 0.036209
573 0.050368 0.036370
574 0.050728 0.036531
575 0.051087 0.036692
576 0.051446 0.036853
577 0.051806 0.037014
578 0.052165 0.037176
579 0.052525 0.037337
580 0.052884 0.037498
581 0.053244 0.037659
582 0.053604 0.037820
583 0.053963 0.037981
584 0.054322 0.038142
585 0.054682 0.038304
586 0.055041 0.038465
587 0.055401 0.038626
588 0.055760 0.038787
589 0.056120 0.038948
590 0.056479 0.039109
591 0.056839 0.039270
592 0.057198 0.039432
593 0.057558 0.039593
594 0.057917 0.039754
595 0.058277 0.039915
596 0.058636 0.040076
597 0.058996 0.040237
598 0.059355 0.040398
599 0.059715 0.040559
600 0.060074 0.040721
601 0.060434 0.040882
602 0.060793 0.041043
603 0.061153 0.041204
604 0.061512 0.041365
605 0.061872 0.041526
606 0.062231 0.041687
607 0.062592 0.041849
608 0.062950 0.042010
609 0.063310 0.042171
610 0.063669 0.042332
611 0.064029 0.042493
612 0.064388 0.042654
613 0.064748 0.042815
614 0.065107 0.042976
615 0.065467 0.043138
616 0.065826 0.043299
617 0.066186 0.043460
618 0.066545 0.043621
619 0.066904 0.043782
620 0.067264 0.043943
621 0.067623 0.044104
622 0.067983 0.044266
623 0.068342 0.044427
624 0.068702 0.044588
625 0.069061 0.044749
626 0.069421 0.044910
627 0.069780 0.045071
628 0.070140 0.045232
629 0.070499 0.045393
630 0.070859 0.045555
631 0.071218 0.045716
632 0.071578 0.045877
633 0.071937 0.046038
634 0.072297 0.046199
635 0.072656 0.046360
636 0.073016 0.046521
637 0.073375 0.046683
638 0.073735 0.046844
639 0.074094 0.047005
640 0.074454 0.047166
641 0.074813 0.047327
642 0.075173 0.047488
643 0.075532 0.047649
644 0.075892 0.047810
645 0.076251 0.047972
646 0.076611 0.048133
647 0.076970 0.048294
648 0.077330 0.048455
649 0.077689 0.048616
650 0.078048 0.048777
651 0.078408 0.048938
652 0.078768 0.049100
653 0.079127 0.049261
654 0.079486 0.049422
655 0.079846 0.049583
656 0.080206 0.049744
657 0.080565 0.049905
658 0.080924 0.050066
659 0.081284 0.050227
660 0.081644 0.050389
661 0.082003 0.050550
662 0.082362 0.050711
663 0.082722 0.050872
664 0.083081 0.051033
665 0.083441 0.051194
666 0.083800 0.051355
667 0.084160 0.051517
668 0.084519 0.051678
669 0.084879 0.051839
670 0.085238 0.052000
671 0.085598 0.052161
672 0.085957 0.052322
673 0.086317 0.052483
674 0.086676 0.052644
675 0.087036 0.052806
676 0.087395 0.052967
677 0.087755 0.053128
678 0.088114 0.053289
679 0.088474 0.053450
680 0.088833 0.053611
681 0.089192 0.053772
682 0.089552 0.053934
683 0.089912 0.054095
684 0.090271 0.054256
685 0.090631 0.054417
686 0.090990 0.054578
687 0.091350 0.054739
688 0.091709 0.054900
689 0.092069 0.055061
690 0.092428 0.055223
691 0.092788 0.055384
692 0.093147 0.055545
693 0.093507 0.055706
694 0.093866 0.055867
695 0.094225 0.056028
696 0.094585 0.056189
697 0.094945 0.056350
698 0.095304 0.056512
699 0.095663 0.056673
700 0.096023 0.056834
701 0.096382 0.056995
702 0.096742 0.057156
703 0.097101 0.057317
704 0.097461 0.057478
705 0.097820 0.057639
706 0.098180 0.057801
707 0.098539 0.057962
708 0.098899 0.058123
709 0.099258 0.058284
710 0.099618 0.058445
711 0.099977 0.058606
712 0.100337 0.058767
713 0.100696 0.058929
714 0.101056 0.059090
715 0.101415 0.059251
716 0.101775 0.059412
717 0.102134 0.059573
718 0.102494 0.059734
719 0.102853 0.059895
720 0.103213 0.060057
721 0.103572 0.060218
722 0.103932 0.060379
723 0.104291 0.060540
724 0.104651 0.060701
725 0.105010 0.060862
726 0.105370 0.061023
727 0.105729 0.061184
728 0.106089 0.061346
729 0.106448 0.061507
730 0.106808 0.061668
731 0.107167 0.061829
732 0.107526 0.061990
733 0.107886 0.062151
734 0.108246 0.062312
735 0.108605 0.062474
736 0.108964 0.062635
737 0.109324 0.062796
738 0.109684 0.062957
739 0.110043 0.063118
740 0.110402 0.063279
741 0.110762 0.063440
742 0.111122 0.063602
743 0.111481 0.063763
744 0.111840 0.063924
745 0.112200 0.064085
746 0.112559 0.064246
747 0.112919 0.064407
748 0.113278 0.064568
749 0.113638 0.064729
750 0.113997 0.064891
751 0.114357 0.065052
752 0.114716 0.065213
753 0.115076 0.065374
754 0.115435 0.065535
755 0.115795 0.065696
756 0.116154 0.065857
757 0.116514 0.066018
758 0.116873 0.066180
759 0.117233 0.066341
760 0.117592 0.066502
761 0.117952 0.066663
762 0.118311 0.066824
763 0.118671 0.066985
764 0.119030 0.067146
765 0.119390 0.067308
766 0.119749 0.067469
767 0.120109 0.067630
768 0.120468 0.067791
769 0.120828 0.067952
770 0.121187 0.068113
771 0.121547 0.068274
772 0.121906 0.068435
773 0.122265 0.068597
774 0.122625 0.068758
775 0.122985 0.068919
776 0.123344 0.069080
777 0.123703 0.069241
778 0.124063 0.069402
779 0.124422 0.069563
780 0.124782 0.069725
781 0.125140 0.069886
782 0.125501 0.070047
783 0.125860 0.070208
784 0.126220 0.070369
785 0.126579 0.070530
786 0.126939 0.070691
787 0.127298 0.070852
788 0.127658 0.071014
789 0.128017 0.071175
790 0.128377 0.071336
791 0.128736 0.071497
792 0.129096 0.071658
793 0.129455 0.071819
794 0.129815 0.071980
795 0.130174 0.072142
796 0.130534 0.072303
797 0.130893 0.072464
798 0.131253 0.072625
799 0.131612 0.072786
800 0.131972 0.072947
801 0.132331 0.073108
802 0.132691 0.073269
803 0.133050 0.073431
804 0.133409 0.073592
805 0.133769 0.073753
806 0.134129 0.073914
807 0.134488 0.074075
808 0.134847 0.074236
809 0.135207 0.074397
810 0.135567 0.074559
811 0.135926 0.074720
812 0.136286 0.074881
813 0.136645 0.075042
814 0.137004 0.075203
815 0.137364 0.075364
816 0.137724 0.075525
817 0.138083 0.075686
818 0.138442 0.075848
819 0.138802 0.076009
820 0.139162 0.076170
821 0.139521 0.076331
822 0.139880 0.076492
823 0.140240 0.076653
824 0.140600 0.076814
825 0.140959 0.076976
826 0.141318 0.077137
827 0.141678 0.077298
828 0.142038 0.077459
829 0.142397 0.077620
830 0.142756 0.077781
831 0.143116 0.077942
832 0.143475 0.078103
833 0.143835 0.078264
834 0.144194 0.078426
835 0.144554 0.078587
836 0.144913 0.078748
837 0.145273 0.078909
838 0.145632 0.079070
839 0.145992 0.079232
840 0.146351 0.079392
841 0.146711 0.079554
842 0.147070 0.079715
843 0.147430 0.079876
844 0.147789 0.080037
845 0.148149 0.080198
846 0.148508 0.080359
847 0.148868 0.080520
848 0.149227 0.080682
849 0.149587 0.080843
850 0.149946 0.081004
851 0.150306 0.081165
852 0.150665 0.081326
853 0.151024 0.081487
854 0.151384 0.081648
855 0.151743 0.081809
856 0.152103 0.081971
857 0.152462 0.082132
858 0.152823 0.082293
859 0.153182 0.082454
860 0.153541 0.082615
861 0.153899 0.082776
862 0.154260 0.082937
863 0.154619 0.083099
864 0.154979 0.083260
865 0.155338 0.083421
866 0.155699 0.083582
867 0.156059 0.083743
868 0.156417 0.083904
869 0.156775 0.084065
870 0.157135 0.084227
871 0.157495 0.084388
872 0.157854 0.084549
873 0.158214 0.084710
874 0.158574 0.084871
875 0.158935 0.085032
876 0.159293 0.085193
877 0.159652 0.085354
878 0.160011 0.085516
879 0.160370 0.085677
880 0.160730 0.085838
881 0.161090 0.085999
882 0.161450 0.086160
883 0.161810 0.086321
884 0.162170 0.086482
885 0.162528 0.086643
886 0.162887 0.086805
887 0.163246 0.086966
888 0.163606 0.087127
889 0.163965 0.087288
890 0.164326 0.087449
891 0.164686 0.087610
892 0.165046 0.087771
893 0.165405 0.087933
894 0.165763 0.088094
895 0.166123 0.088255
896 0.166482 0.088416
897 0.166841 0.088577
898 0.167201 0.088738
899 0.167561 0.088899
900 0.167921 0.089061
901 0.168281 0.089221
902 0.168639 0.089383
903 0.168999 0.089544
904 0.169358 0.089705
905 0.169717 0.089866
906 0.170076 0.090027
907 0.170437 0.090189
908 0.170797 0.090349
909 0.171156 0.090511
910 0.171516 0.090672
911 0.171875 0.090833
912 0.172234 0.090994
913 0.172593 0.091155
914 0.172953 0.091316
915 0.173312 0.091478
916 0.173673 0.091639
917 0.174032 0.091800
918 0.174392 0.091961
919 0.174751 0.092122
920 0.175110 0.092283
921 0.175470 0.092444
922 0.175829 0.092606
923 0.176188 0.092767
924 0.176548 0.092928
925 0.176908 0.093089
926 0.177267 0.093250
927 0.177627 0.093411
928 0.177986 0.093572
929 0.178346 0.093733
930 0.178705 0.093894
931 0.179065 0.094056
932 0.179424 0.094217
933 0.179784 0.094378
934 0.180143 0.094539
935 0.180502 0.094700
936 0.180862 0.094861
937 0.181222 0.095022
938 0.181581 0.095184
939 0.181940 0.095345
940 0.182300 0.095506
941 0.182660 0.095667
942 0.183019 0.095828
943 0.183378 0.095989
944 0.183738 0.096150
945 0.184097 0.096312
946 0.184457 0.096473
947 0.184816 0.096634
948 0.185176 0.096795
949 0.185536 0.096956
950 0.185895 0.097117
951 0.186254 0.097278
952 0.186613 0.097439
953 0.186973 0.097601
954 0.187333 0.097762
955 0.187692 0.097923
956 0.188052 0.098084
957 0.188412 0.098245
958 0.188772 0.098406
959 0.189130 0.098567
960 0.189489 0.098728
961 0.189848 0.098890
962 0.190208 0.099051
963 0.190568 0.099212
964 0.190928 0.099373
965 0.191287 0.099534
966 0.191648 0.099695
967 0.192007 0.099856
968 0.192365 0.100018
969 0.192724 0.100179
970 0.193084 0.100340
971 0.193444 0.100501
972 0.193803 0.100662
973 0.194163 0.100823
974 0.194523 0.100984
975 0.194884 0.101146
976 0.195242 0.101306
977 0.195600 0.101468
978 0.195959 0.101629
979 0.196319 0.101790
980 0.196679 0.101951
981 0.197039 0.102112
982 0.197399 0.102273
983 0.197759 0.102434
984 0.198119 0.102596
985 0.198477 0.102757
986 0.198836 0.102918
987 0.199195 0.103079
988 0.199555 0.103240
989 0.199914 0.103401
990 0.200274 0.103563
991 0.200634 0.103724
992 0.200995 0.103885
993 0.201354 0.104046
994 0.201712 0.104207
995 0.202071 0.104368
996 0.202430 0.104529
997 0.202790 0.104691
998 0.203149 0.104852
999 0.203510 0.105013
1000 0.203870 0.105174
1001 0.204230 0.105335
1002 0.204589 0.105496
1003 0.204947 0.105657
1004 0.205307 0.105818
1005 0.205666 0.105979
1006 0.206025 0.106141
1007 0.206385 0.106302
1008 0.206746 0.106463
1009 0.207106 0.106624
1010 0.207465 0.106785
1011 0.207824 0.106946
1012 0.208183 0.107107
1013 0.208542 0.107269
1014 0.208901 0.107430
1015 0.209260 0.107591
1016 0.209621 0.107752
1017 0.209981 0.107913
1018 0.210341 0.108074
1019 0.210700 0.108235
1020 0.211059 0.108396
1021 0.211418 0.108558
1022 0.211777 0.108719
1023 0.212137 0.108880
1024 0.212496 0.109041
1025 0.212856 0.109202
1026 0.213217 0.109363
1027 0.213576 0.109524
1028 0.213935 0.109686
1029 0.214294 0.109847
1030 0.214654 0.110008
1031 0.215013 0.110169
1032 0.215372 0.110330
1033 0.215732 0.110491
1034 0.216092 0.110652
1035 0.216452 0.110813
1036 0.216811 0.110975
1037 0.217170 0.111136
1038 0.217530 0.111297
1039 0.217889 0.111458
1040 0.218248 0.111619
1041 0.218608 0.111780
1042 0.218967 0.111941
1043 0.219328 0.112103
1044 0.219687 0.112264
1045 0.220046 0.112425
1046 0.220406 0.112586
1047 0.220765 0.112747
1048 0.221124 0.112908
1049 0.221484 0.113069
1050 0.221843 0.113231
1051 0.222203 0.113391
1052 0.222563 0.113553
1053 0.222922 0.113714
1054 0.223282 0.113875
1055 0.223641 0.114036
1056 0.224000 0.114197
1057 0.224360 0.114358
1058 0.224719 0.114519
1059 0.225079 0.114681
1060 0.225438 0.114842
1061 0.225798 0.115003
1062 0.226157 0.115164
1063 0.226517 0.115325
1064 0.226876 0.115486
1065 0.227236 0.115647
1066 0.227595 0.115809
1067 0.227955 0.115970
1068 0.228315 0.116131
1069 0.228674 0.116292
1070 0.229033 0.116453
1071 0.229392 0.116614
1072 0.229752 0.116775
1073 0.230112 0.116937
1074 0.230471 0.117098
1075 0.230831 0.117259
1076 0.231191 0.117420
1077 0.231550 0.117581
1078 0.231909 0.117742
1079 0.232268 0.117903
1080 0.232628 0.118064
1081 0.232988 0.118226
1082 0.233347 0.118387
1083 0.233707 0.118548
1084 0.234066 0.118709
1085 0.234426 0.118870
1086 0.234786 0.119031
1087 0.235144 0.119192
1088 0.235503 0.119354
1089 0.235863 0.119515
1090 0.236223 0.119676
1091 0.236582 0.119837
1092 0.236942 0.119998
1093 0.237302 0.120159
1094 0.237662 0.120320
1095 0.238021 0.120482
1096 0.238379 0.120643
1097 0.238738 0.120804
1098 0.239099 0.120965
1099 0.239458 0.121126
1100 0.239818 0.121287
1101 0.240177 0.121448
1102 0.240537 0.121609
1103 0.240897 0.121770
1104 0.241256 0.121932
1105 0.241615 0.122093
1106 0.241974 0.122254
1107 0.242334 0.122415
1108 0.242694 0.122576
1109 0.243053 0.122737
1110 0.243413 0.122898
1111 0.243773 0.123060
1112 0.244133 0.123221
1113 0.244491 0.123382
1114 0.244850 0.123543
1115 0.245209 0.123704
1116 0.245569 0.123865
1117 0.245929 0.124026
1118 0.246289 0.124188
1119 0.246648 0.124349
1120 0.247009 0.124510
1121 0.247368 0.124671
1122 0.247727 0.124832
1123 0.248085 0.124992
1124 0.248444 0.125154
1125 0.248805 0.125316
1126 0.249164 0.125476
1127 0.249524 0.125638
1128 0.249888 0.125799
1129 0.250243 0.125960
1130 0.250602 0.126121
1131 0.250962 0.126282
1132 0.251321 0.126443
1133 0.251681 0.126604
1134 0.252041 0.126766
1135 0.252400 0.126927
1136 0.252760 0.127088
1137 0.253119 0.127249
1138 0.253478 0.127410
1139 0.253838 0.127571
1140 0.254197 0.127732
1141 0.254557 0.127894
1142 0.254916 0.128055
1143 0.255276 0.128216
1144 0.255636 0.128377
1145 0.255995 0.128538
1146 0.256355 0.128699
1147 0.256713 0.128861
1148 0.257073 0.129021
1149 0.257432 0.129183
1150 0.257791 0.129344
1151 0.258152 0.129505
1152 0.258511 0.129666
1153 0.258871 0.129827
1154 0.259230 0.129988
1155 0.259590 0.130149
1156 0.259949 0.130311
1157 0.260309 0.130472
1158 0.260668 0.130633
1159 0.261028 0.130794
1160 0.261389 0.130955
1161 0.261748 0.131116
1162 0.262108 0.131277
1163 0.262467 0.131439
1164 0.262825 0.131600
1165 0.263183 0.131761
1166 0.263542 0.131922
1167 0.263902 0.132083
1168 0.264262 0.132244
1169 0.264622 0.132405
1170 0.264982 0.132566
1171 0.265341 0.132727
1172 0.265701 0.132889
1173 0.266061 0.133050
1174 0.266420 0.133211
1175 0.266779 0.133372
1176 0.267140 0.133533
1177 0.267500 0.133694
1178 0.267860 0.133856
1179 0.268220 0.134017
1180 0.268580 0.134178
1181 0.268937 0.134339
1182 0.269294 0.134500
1183 0.269652 0.134661
1184 0.270011 0.134822
1185 0.270372 0.134983
1186 0.270733 0.135145
1187 0.271093 0.135306
1188 0.271452 0.135467
1189 0.271812 0.135628
1190 0.272172 0.135789
1191 0.272531 0.135950
1192 0.272891 0.136111
1193 0.273251 0.136273
1194 0.273612 0.136434
1195 0.273973 0.136595
1196 0.274332 0.136756
1197 0.274692 0.136917
1198 0.275050 0.137078
1199 0.275407 0.137239
1200 0.275764 0.137400
1201 0.276121 0.137561
1202 0.276482 0.137723
1203 0.276843 0.137884
1204 0.277203 0.138045
1205 0.277563 0.138206
1206 0.277922 0.138367
1207 0.278283 0.138528
1208 0.278642 0.138689
1209 0.279002 0.138851
1210 0.279362 0.139012
1211 0.279723 0.139173
1212 0.280084 0.139334
1213 0.280444 0.139495
1214 0.280804 0.139656
1215 0.281161 0.139817
1216 0.281519 0.139979
1217 0.281877 0.140140
1218 0.282234 0.140301
1219 0.282592 0.140462
1220 0.282953 0.140623
1221 0.283314 0.140784
1222 0.283674 0.140945
1223 0.284034 0.141107
1224 0.284393 0.141268
1225 0.284753 0.141429
1226 0.285113 0.141590
1227 0.285473 0.141751
1228 0.285834 0.141912
1229 0.286195 0.142073
1230 0.286556 0.142234
1231 0.286916 0.142395
1232 0.287274 0.142557
1233 0.287631 0.142718
1234 0.287989 0.142879
1235 0.288346 0.143040
1236 0.288704 0.143201
1237 0.289063 0.143362
1238 0.289424 0.143523
1239 0.289785 0.143685
1240 0.290144 0.143846
1241 0.290504 0.144007
1242 0.290864 0.144168
1243 0.291224 0.144329
1244 0.291584 0.144490
1245 0.291945 0.144651
1246 0.292305 0.144813
1247 0.292667 0.144974
1248 0.293028 0.145135
1249 0.293386 0.145296
1250 0.293743 0.145457
1251 0.294101 0.145618
1252 0.294459 0.145780
1253 0.294817 0.145940
1254 0.295175 0.146102
1255 0.295534 0.146263
1256 0.295894 0.146424
1257 0.296255 0.146585
1258 0.296615 0.146746
1259 0.296974 0.146907
1260 0.297335 0.147068
1261 0.297695 0.147230
1262 0.298055 0.147391
1263 0.298416 0.147552
1264 0.298777 0.147713
1265 0.299139 0.147874
1266 0.299499 0.148035
1267 0.299856 0.148196
1268 0.300213 0.148358
1269 0.300571 0.148519
1270 0.300929 0.148680
1271 0.301288 0.148841
1272 0.301646 0.149002
1273 0.302005 0.149163
1274 0.302365 0.149324
1275 0.302726 0.149485
1276 0.303085 0.149646
1277 0.303445 0.149808
1278 0.303805 0.149969
1279 0.304166 0.150130
1280 0.304527 0.150291
1281 0.304888 0.150452
1282 0.305249 0.150613
1283 0.305610 0.150774
1284 0.305968 0.150936
1285 0.306325 0.151097
1286 0.306683 0.151258
1287 0.307041 0.151419
1288 0.307400 0.151580
1289 0.307758 0.151741
1290 0.308117 0.151902
1291 0.308476 0.152064
1292 0.308836 0.152225
1293 0.309196 0.152386
1294 0.309556 0.152547
1295 0.309916 0.152708
1296 0.310276 0.152869
1297 0.310638 0.153030
1298 0.310998 0.153191
1299 0.311360 0.153353
1300 0.311721 0.153514
1301 0.312080 0.153675
1302 0.312438 0.153836
1303 0.312795 0.153997
1304 0.313153 0.154158
1305 0.313512 0.154319
1306 0.313871 0.154481
1307 0.314229 0.154642
1308 0.314588 0.154803
1309 0.314947 0.154964
1310 0.315307 0.155125
1311 0.315666 0.155286
1312 0.316026 0.155447
1313 0.316386 0.155608
1314 0.316748 0.155770
1315 0.317109 0.155931
1316 0.317470 0.156092
1317 0.317831 0.156253
1318 0.318191 0.156414
1319 0.318550 0.156575
1320 0.318908 0.156736
1321 0.319265 0.156897
1322 0.319624 0.157059
1323 0.319983 0.157220
1324 0.320342 0.157381
1325 0.320700 0.157542
1326 0.321059 0.157703
1327 0.321418 0.157864
1328 0.321777 0.158026
1329 0.322137 0.158187
1330 0.322497 0.158348
1331 0.322858 0.158509
1332 0.323219 0.158670
1333 0.323581 0.158831
1334 0.323942 0.158992
1335 0.324302 0.159153
1336 0.324662 0.159315
1337 0.325020 0.159476
1338 0.325378 0.159637
1339 0.325735 0.159798
1340 0.326094 0.159959
1341 0.326453 0.160120
1342 0.326813 0.160281
1343 0.327171 0.160442
1344 0.327530 0.160604
1345 0.327889 0.160765
1346 0.328248 0.160926
1347 0.328607 0.161087
1348 0.328968 0.161248
1349 0.329329 0.161409
1350 0.329691 0.161570
1351 0.330052 0.161731
1352 0.330413 0.161893
1353 0.330773 0.162054
1354 0.331132 0.162215
1355 0.331490 0.162376
1356 0.331847 0.162537
1357 0.332206 0.162698
1358 0.332565 0.162859
1359 0.332924 0.163021
1360 0.333283 0.163182
1361 0.333642 0.163343
1362 0.334001 0.163504
1363 0.334361 0.163665
1364 0.334719 0.163826
1365 0.335078 0.163987
1366 0.335439 0.164149
1367 0.335801 0.164309
1368 0.336162 0.164471
1369 0.336524 0.164632
1370 0.336883 0.164793
1371 0.337243 0.164954
1372 0.337602 0.165115
1373 0.337960 0.165277
1374 0.338318 0.165438
1375 0.338677 0.165599
1376 0.339036 0.165760
1377 0.339395 0.165921
1378 0.339754 0.166082
1379 0.340113 0.166243
1380 0.340472 0.166404
1381 0.340831 0.166566
1382 0.341190 0.166727
1383 0.341549 0.166888
1384 0.341910 0.167049
1385 0.342272 0.167210
1386 0.342633 0.167371
1387 0.342995 0.167532
1388 0.343354 0.167694
1389 0.343713 0.167855
1390 0.344072 0.168016
1391 0.344430 0.168177
1392 0.344788 0.168338
1393 0.345148 0.168499
1394 0.345507 0.168660
1395 0.345866 0.168822
1396 0.346225 0.168983
1397 0.346584 0.169144
1398 0.346943 0.169305
1399 0.347302 0.169466
1400 0.347660 0.169627
1401 0.348020 0.169788
1402 0.348382 0.169949
1403 0.348743 0.170111
1404 0.349105 0.170272
1405 0.349465 0.170432
1406 0.349824 0.170594
1407 0.350183 0.170755
1408 0.350542 0.170916
1409 0.350900 0.171077
1410 0.351259 0.171239
1411 0.351618 0.171400
1412 0.351978 0.171560
1413 0.352337 0.171722
1414 0.352696 0.171883
1415 0.353055 0.172044
1416 0.353414 0.172205
1417 0.353773 0.172367
1418 0.354132 0.172528
1419 0.354491 0.172688
1420 0.354853 0.172850
1421 0.355215 0.173011
1422 0.355576 0.173172
1423 0.355935 0.173333
1424 0.356294 0.173495
1425 0.356653 0.173656
1426 0.357012 0.173816
1427 0.357371 0.173977
1428 0.357730 0.174139
1429 0.358089 0.174300
1430 0.358448 0.174461
1431 0.358808 0.174622
1432 0.359167 0.174784
1433 0.359526 0.174944
1434 0.359885 0.175105
1435 0.360244 0.175267
1436 0.360603 0.175428
1437 0.360962 0.175589
1438 0.361324 0.175750
1439 0.361686 0.175912
1440 0.362046 0.176072
1441 0.362405 0.176233
1442 0.362764 0.176395
1443 0.363123 0.176556
1444 0.363482 0.176717
1445 0.363841 0.176878
1446 0.364201 0.177040
1447 0.364560 0.177200
1448 0.364919 0.177361
1449 0.365279 0.177523
1450 0.365638 0.177684
1451 0.365997 0.177845
1452 0.366356 0.178006
1453 0.366715 0.178168
1454 0.367075 0.178328
1455 0.367434 0.178489
1456 0.367795 0.178650
1457 0.368156 0.178812
1458 0.368516 0.178973
1459 0.368875 0.179133
1460 0.369234 0.179295
1461 0.369594 0.179457
1462 0.369953 0.179617
1463 0.370312 0.179778
1464 0.370671 0.179940
1465 0.371031 0.180101
1466 0.371390 0.180261
1467 0.371749 0.180423
1468 0.372109 0.180585
1469 0.372468 0.180745
1470 0.372827 0.180906
1471 0.373187 0.181068
1472 0.373546 0.181229
1473 0.373905 0.181389
1474 0.374266 0.181551
1475 0.374627 0.181713
1476 0.374986 0.181873
1477 0.375345 0.182034
1478 0.375705 0.182196
1479 0.376064 0.182357
1480 0.376423 0.182517
1481 0.376783 0.182679
1482 0.377142 0.182841
1483 0.377501 0.183001
1484 0.377861 0.183162
1485 0.378220 0.183323
1486 0.378580 0.183485
1487 0.378939 0.183645
1488 0.379299 0.183807
1489 0.379658 0.183968
1490 0.380017 0.184129
1491 0.380377 0.184290
1492 0.380737 0.184451
1493 0.381097 0.184613
1494 0.381456 0.184773
1495 0.381815 0.184934
1496 0.382175 0.185096
1497 0.382535 0.185258
1498 0.382894 0.185418
1499 0.383253 0.185579
1500 0.383613 0.185741
1501 0.383972 0.185902
1502 0.384332 0.186062
1503 0.384691 0.186224
1504 0.385050 0.186386
1505 0.385410 0.186546
1506 0.385770 0.186707
1507 0.386129 0.186869
1508 0.386489 0.187030
1509 0.386848 0.187190
1510 0.387207 0.187352
1511 0.387567 0.187513
1512 0.387926 0.187674
1513 0.388286 0.187835
1514 0.388645 0.187996
1515 0.389005 0.188158
1516 0.389365 0.188318
1517 0.389724 0.188480
1518 0.390084 0.188641
1519 0.390443 0.188802
1520 0.390802 0.188963
1521 0.391162 0.189124
1522 0.391521 0.189286
1523 0.391881 0.189446
1524 0.392241 0.189607
1525 0.392601 0.189769
1526 0.392960 0.189930
1527 0.393320 0.190090
1528 0.393678 0.190252
1529 0.394037 0.190414
1530 0.394396 0.190574
1531 0.394756 0.190735
1532 0.395116 0.190897
1533 0.395476 0.191058
1534 0.395835 0.191218
1535 0.396195 0.191380
1536 0.396554 0.191541
1537 0.396914 0.191702
1538 0.397273 0.191863
1539 0.397633 0.192024
1540 0.397992 0.192186
1541 0.398353 0.192346
1542 0.398712 0.192508
1543 0.399072 0.192669
1544 0.399432 0.192831
1545 0.399790 0.192991
1546 0.400148 0.193152
1547 0.400507 0.193314
1548 0.400867 0.193474
1549 0.401226 0.193636
1550 0.401587 0.193797
1551 0.401946 0.193959
1552 0.402306 0.194119
1553 0.402666 0.194280
1554 0.403025 0.194442
1555 0.403385 0.194603
1556 0.403744 0.194764
1557 0.404104 0.194925
1558 0.404463 0.195087
1559 0.404824 0.195247
1560 0.405184 0.195408
1561 0.405543 0.195570
1562 0.405903 0.195731
1563 0.406261 0.195891
1564 0.406618 0.196053
1565 0.406977 0.196214
1566 0.407337 0.196375
1567 0.407697 0.196536
1568 0.408058 0.196697
1569 0.408417 0.196859
1570 0.408776 0.197019
1571 0.409136 0.197181
1572 0.409496 0.197342
1573 0.409855 0.197503
1574 0.410215 0.197664
1575 0.410574 0.197825
1576 0.410935 0.197987
1577 0.411295 0.198147
1578 0.411655 0.198309
1579 0.412014 0.198470
1580 0.412374 0.198631
1581 0.412731 0.198792
1582 0.413089 0.198953
1583 0.413447 0.199115
1584 0.413807 0.199275
1585 0.414168 0.199437
1586 0.414528 0.199598
1587 0.414888 0.199759
1588 0.415247 0.199920
1589 0.415607 0.200081
1590 0.415967 0.200242
1591 0.416326 0.200403
1592 0.416685 0.200564
1593 0.417045 0.200726
1594 0.417406 0.200887
1595 0.417767 0.201048
1596 0.418126 0.201209
1597 0.418486 0.201370
1598 0.418845 0.201532
1599 0.419202 0.201692
1600 0.419559 0.201854
1601 0.419918 0.202015
1602 0.420277 0.202176
1603 0.420638 0.202337
1604 0.420999 0.202498
1605 0.421358 0.202660
1606 0.421718 0.202820
1607 0.422078 0.202982
1608 0.422437 0.203143
1609 0.422797 0.203304
1610 0.423156 0.203465
1611 0.423516 0.203626
1612 0.423877 0.203787
1613 0.424238 0.203948
1614 0.424597 0.204110
1615 0.424957 0.204271
1616 0.425315 0.204432
1617 0.425672 0.204593
1618 0.426030 0.204754
1619 0.426388 0.204915
1620 0.426748 0.205076
1621 0.427109 0.205238
1622 0.427469 0.205399
1623 0.427829 0.205560
1624 0.428188 0.205721
1625 0.428549 0.205882
1626 0.428908 0.206043
1627 0.429268 0.206204
1628 0.429627 0.206365
1629 0.429987 0.206527
1630 0.430349 0.206688
1631 0.430709 0.206849
1632 0.431068 0.207010
1633 0.431428 0.207171
1634 0.431786 0.207332
1635 0.432143 0.207493
1636 0.432500 0.207654
1637 0.432858 0.207815
1638 0.433219 0.207977
1639 0.433580 0.208138
1640 0.433940 0.208299
1641 0.434300 0.208460
1642 0.434659 0.208621
1643 0.435019 0.208782
1644 0.435379 0.208943
1645 0.435738 0.209105
1646 0.436098 0.209266
1647 0.436459 0.209427
1648 0.436820 0.209588
1649 0.437180 0.209749
1650 0.437540 0.209910
1651 0.437898 0.210071
1652 0.438256 0.210233
1653 0.438614 0.210394
1654 0.438971 0.210555
1655 0.439328 0.210716
1656 0.439689 0.210877
1657 0.440050 0.211038
1658 0.440411 0.211199
1659 0.440770 0.211360
1660 0.441130 0.211522
1661 0.441490 0.211683
1662 0.441850 0.211844
1663 0.442209 0.212005
1664 0.442569 0.212166
1665 0.442930 0.212327
1666 0.443291 0.212488
1667 0.443651 0.212650
1668 0.444011 0.212811
1669 0.444369 0.212972
1670 0.444727 0.213133
1671 0.445084 0.213294
1672 0.445441 0.213455
1673 0.445799 0.213616
1674 0.446160 0.213778
1675 0.446521 0.213939
1676 0.446881 0.214100
1677 0.447241 0.214261
1678 0.447600 0.214422
1679 0.447961 0.214583
1680 0.448320 0.214744
1681 0.448680 0.214906
1682 0.449040 0.215067
1683 0.449401 0.215228
1684 0.449762 0.215388
1685 0.450122 0.215550
1686 0.450482 0.215711
1687 0.450839 0.215872
1688 0.451197 0.216033
1689 0.451555 0.216195
1690 0.451912 0.216356
1691 0.452270 0.216516
1692 0.452631 0.216678
1693 0.452992 0.216839
1694 0.453352 0.217000
1695 0.453712 0.217161
1696 0.454071 0.217323
1697 0.454431 0.217484
1698 0.454791 0.217644
1699 0.455151 0.217806
1700 0.455511 0.217967
1701 0.455872 0.218128
1702 0.456233 0.218289
1703 0.456593 0.218451
1704 0.456953 0.218612
1705 0.457310 0.218772
1706 0.457668 0.218934
1707 0.458025 0.219095
1708 0.458383 0.219256
1709 0.458741 0.219417
1710 0.459101 0.219579
1711 0.459462 0.219740
1712 0.459823 0.219900
1713 0.460182 0.220062
1714 0.460542 0.220223
1715 0.460902 0.220384
1716 0.461262 0.220545
1717 0.461621 0.220707
1718 0.461982 0.220868
1719 0.462343 0.221028
1720 0.462705 0.221189
1721 0.463065 0.221351
1722 0.463423 0.221512
1723 0.463781 0.221673
1724 0.464139 0.221834
1725 0.464496 0.221996
1726 0.464853 0.222156
1727 0.465212 0.222317
1728 0.465572 0.222479
1729 0.465933 0.222640
1730 0.466293 0.222801
1731 0.466653 0.222962
1732 0.467012 0.223124
1733 0.467373 0.223284
1734 0.467733 0.223445
1735 0.468092 0.223607
1736 0.468453 0.223768
1737 0.468814 0.223929
1738 0.469176 0.224090
1739 0.469536 0.224252
1740 0.469894 0.224412
1741 0.470251 0.224573
1742 0.470609 0.224735
1743 0.470967 0.224896
1744 0.471324 0.225057
1745 0.471683 0.225218
1746 0.472042 0.225380
1747 0.472404 0.225540
1748 0.472764 0.225701
1749 0.473123 0.225862
1750 0.473483 0.226024
1751 0.473843 0.226185
1752 0.474203 0.226345
1753 0.474563 0.226507
1754 0.474924 0.226669
1755 0.475285 0.226829
1756 0.475647 0.226990
1757 0.476007 0.227152
1758 0.476364 0.227313
1759 0.476722 0.227473
1760 0.477080 0.227635
1761 0.477437 0.227797
1762 0.477795 0.227957
1763 0.478154 0.228118
1764 0.478513 0.228280
1765 0.478874 0.228441
1766 0.479234 0.228601
1767 0.479594 0.228763
1768 0.479954 0.228925
1769 0.480314 0.229085
1770 0.480674 0.229246
1771 0.481034 0.229408
1772 0.481395 0.229569
1773 0.481756 0.229729
1774 0.482118 0.229891
1775 0.482477 0.230053
1776 0.482835 0.230213
1777 0.483192 0.230374
1778 0.483550 0.230536
1779 0.483908 0.230697
1780 0.484266 0.230857
1781 0.484625 0.231019
1782 0.484984 0.231181
1783 0.485345 0.231341
1784 0.485705 0.231501
1785 0.486065 0.231663
1786 0.486425 0.231825
1787 0.486785 0.231985
1788 0.487145 0.232146
1789 0.487505 0.232308
1790 0.487866 0.232469
1791 0.488227 0.232630
1792 0.488589 0.232791
1793 0.488948 0.232953
1794 0.489305 0.233113
1795 0.489663 0.233274
1796 0.490021 0.233436
1797 0.490379 0.233597
1798 0.490737 0.233757
1799 0.491095 0.233919
1800 0.491454 0.234081
1801 0.491816 0.234241
1802 0.492176 0.234402
1803 0.492535 0.234564
1804 0.492895 0.234725
1805 0.493255 0.234886
1806 0.493616 0.235047
1807 0.493976 0.235209
1808 0.494337 0.235370
1809 0.494698 0.235530
1810 0.495060 0.235692
1811 0.495419 0.235853
1812 0.495776 0.236014
1813 0.496134 0.236175
1814 0.496491 0.236336
1815 0.496849 0.236498
1816 0.497208 0.236658
1817 0.497566 0.236819
1818 0.497925 0.236981
1819 0.498286 0.237142
1820 0.498646 0.237302
1821 0.499006 0.237464
1822 0.499366 0.237626
1823 0.499726 0.237786
1824 0.500076 0.237947
1825 0.500446 0.238109
1826 0.500806 0.238270
1827 0.501165 0.238430
1828 0.501525 0.238592
1829 0.501884 0.238754
1830 0.502243 0.238914
1831 0.502603 0.239075
1832 0.502962 0.239237
1833 0.503322 0.239398
1834 0.503681 0.239558
1835 0.504040 0.239720
1836 0.504400 0.239882
1837 0.504761 0.240042
1838 0.505120 0.240203
1839 0.505479 0.240364
1840 0.505839 0.240526
1841 0.506198 0.240686
1842 0.506558 0.240848
1843 0.506917 0.241009
1844 0.507277 0.241170
1845 0.507636 0.241331
1846 0.507995 0.241492
1847 0.508355 0.241654
1848 0.508714 0.241814
1849 0.509074 0.241976
1850 0.509433 0.242137
1851 0.509793 0.242299
1852 0.510152 0.242459
1853 0.510512 0.242620
1854 0.510871 0.242782
1855 0.511231 0.242942
1856 0.511590 0.243103
1857 0.511950 0.243265
1858 0.512309 0.243427
1859 0.512669 0.243586
1860 0.513028 0.243748
1861 0.513388 0.243910
1862 0.513747 0.244071
1863 0.514107 0.244231
1864 0.514466 0.244393
1865 0.514825 0.244555
1866 0.515185 0.244714
1867 0.515544 0.244876
1868 0.515904 0.245038
1869 0.516264 0.245199
1870 0.516623 0.245359
1871 0.516983 0.245521
1872 0.517342 0.245682
1873 0.517701 0.245843
1874 0.518061 0.246004
1875 0.518420 0.246165
1876 0.518780 0.246327
1877 0.519139 0.246487
1878 0.519499 0.246649
1879 0.519858 0.246810
1880 0.520218 0.246971
1881 0.520577 0.247132
1882 0.520937 0.247293
1883 0.521296 0.247455
1884 0.521656 0.247615
1885 0.522015 0.247777
1886 0.522375 0.247938
1887 0.522735 0.248099
1888 0.523095 0.248260
1889 0.523454 0.248421
1890 0.523814 0.248583
1891 0.524171 0.248743
1892 0.524531 0.248905
1893 0.524890 0.249066
1894 0.525250 0.249227
1895 0.525610 0.249387
1896 0.525970 0.249549
1897 0.526329 0.249711
1898 0.526689 0.249871
1899 0.527048 0.250035
1900 0.527408 0.250194
1901 0.527767 0.250355
1902 0.528126 0.250515
1903 0.528486 0.250678
1904 0.528846 0.250838
1905 0.529206 0.250999
1906 0.529566 0.251160
1907 0.529925 0.251322
1908 0.530285 0.251483
1909 0.530642 0.251643
1910 0.531001 0.251805
1911 0.531361 0.251966
1912 0.531720 0.252127
1913 0.532080 0.252288
1914 0.532440 0.252450
1915 0.532800 0.252611
1916 0.533159 0.252771
1917 0.533519 0.252933
1918 0.533878 0.253094
1919 0.534238 0.253255
1920 0.534597 0.253416
1921 0.534957 0.253578
1922 0.535317 0.253739
1923 0.535677 0.253899
1924 0.536037 0.254061
1925 0.536396 0.254222
1926 0.536755 0.254383
1927 0.537112 0.254544
1928 0.537471 0.254706
1929 0.537831 0.254867
1930 0.538191 0.255027
1931 0.538551 0.255189
1932 0.538911 0.255350
1933 0.539270 0.255511
1934 0.539630 0.255672
1935 0.539990 0.255834
1936 0.540349 0.255995
1937 0.540709 0.256155
1938 0.541068 0.256316
1939 0.541428 0.256478
1940 0.541789 0.256639
1941 0.542148 0.256800
1942 0.542508 0.256961
1943 0.542868 0.257123
1944 0.543226 0.257283
1945 0.543583 0.257444
1946 0.543942 0.257606
1947 0.544301 0.257767
1948 0.544661 0.257928
1949 0.545022 0.258089
1950 0.545382 0.258251
1951 0.545741 0.258411
1952 0.546101 0.258572
1953 0.546460 0.258734
1954 0.546820 0.258895
1955 0.547179 0.259055
1956 0.547539 0.259217
1957 0.547899 0.259379
1958 0.548260 0.259539
1959 0.548620 0.259700
1960 0.548979 0.259862
1961 0.549339 0.260023
1962 0.549697 0.260184
1963 0.550054 0.260345
1964 0.550412 0.260507
1965 0.550772 0.260667
1966 0.551132 0.260828
1967 0.551493 0.260990
1968 0.551852 0.261151
1969 0.552212 0.261312
1970 0.552572 0.261473
1971 0.552931 0.261635
1972 0.553291 0.261795
1973 0.553650 0.261956
1974 0.554010 0.262117
1975 0.554370 0.262279
1976 0.554731 0.262439
1977 0.555091 0.262600
1978 0.555450 0.262762
1979 0.555810 0.262923
1980 0.556167 0.263084
1981 0.556524 0.263245
1982 0.556883 0.263407
1983 0.557242 0.263568
1984 0.557603 0.263728
1985 0.557963 0.263890
1986 0.558323 0.264052
1987 0.558682 0.264212
1988 0.559042 0.264373
1989 0.559402 0.264535
1990 0.559762 0.264696
1991 0.560121 0.264856
1992 0.560480 0.265018
1993 0.560841 0.265180
1994 0.561202 0.265340
1995 0.561562 0.265501
1996 0.561921 0.265663
1997 0.562281 0.265824
1998 0.562638 0.265984
1999 0.562995 0.266146
2000 0.563353 0.266308
2001 0.563712 0.266468
2002 0.564073 0.266629
2003 0.564434 0.266791
2004 0.564794 0.266952
2005 0.565153 0.267112
2006 0.565513 0.267274
2007 0.565873 0.267436
2008 0.566232 0.267596
2009 0.566592 0.267756
2010 0.566951 0.267918
2011 0.567312 0.268080
2012 0.567673 0.268240
2013 0.568033 0.268401
2014 0.568392 0.268563
2015 0.568751 0.268724
2016 0.569109 0.268884
2017 0.569466 0.269046
2018 0.569823 0.269208
2019 0.570183 0.269368
2020 0.570544 0.269529
2021 0.570904 0.269691
2022 0.571264 0.269852
2023 0.571624 0.270012
2024 0.571984 0.270174
2025 0.572343 0.270336
2026 0.572703 0.270496
2027 0.573063 0.270657
2028 0.573422 0.270819
2029 0.573783 0.270980
2030 0.574144 0.271140
2031 0.574504 0.271302
2032 0.574863 0.271464
2033 0.575222 0.271624
2034 0.575579 0.271785
2035 0.575937 0.271947
2036 0.576294 0.272108
2037 0.576653 0.272268
2038 0.577015 0.272430
2039 0.577375 0.272591
2040 0.577735 0.272753
2041 0.578094 0.272913
2042 0.578454 0.273074
2043 0.578814 0.273236
2044 0.579174 0.273396
2045 0.579533 0.273557
2046 0.579893 0.273719
2047 0.580254 0.273881
2048 0.580615 0.274041
2049 0.580975 0.274202
2050 0.581334 0.274364
2051 0.581692 0.274525
2052 0.582050 0.274685
2053 0.582407 0.274847
2054 0.582765 0.275009
2055 0.583124 0.275169
2056 0.583485 0.275330
2057 0.583846 0.275492
2058 0.584206 0.275653
2059 0.584565 0.275813
2060 0.584925 0.275975
2061 0.585285 0.276137
2062 0.585644 0.276297
2063 0.586004 0.276458
2064 0.586364 0.276620
2065 0.586726 0.276781
2066 0.587086 0.276941
2067 0.587446 0.277103
2068 0.587805 0.277265
2069 0.588163 0.277425
2070 0.588521 0.277586
2071 0.588878 0.277747
2072 0.589235 0.277909
2073 0.589594 0.278069
2074 0.589956 0.278231
2075 0.590317 0.278392
2076 0.590676 0.278553
2077 0.591036 0.278714
2078 0.591396 0.278875
2079 0.591756 0.279037
2080 0.592115 0.279197
2081 0.592475 0.279359
2082 0.592835 0.279520
2083 0.593196 0.279681
2084 0.593557 0.279841
2085 0.593917 0.280003
2086 0.594276 0.280165
2087 0.594634 0.280325
2088 0.594991 0.280486
2089 0.595349 0.280648
2090 0.595706 0.280809
2091 0.596065 0.280969
2092 0.596426 0.281131
2093 0.596787 0.281293
2094 0.597147 0.281453
2095 0.597507 0.281614
2096 0.597866 0.281776
2097 0.598226 0.281938
2098 0.598586 0.282097
2099 0.598946 0.282259
2100 0.599306 0.282421
2101 0.599668 0.282582
2102 0.600028 0.282742
2103 0.600388 0.282903
2104 0.600747 0.283065
2105 0.601104 0.283225
2106 0.601462 0.283387
2107 0.601819 0.283548
2108 0.602177 0.283710
2109 0.602536 0.283870
2110 0.602897 0.284032
2111 0.603258 0.284193
2112 0.603618 0.284354
2113 0.603977 0.284515
2114 0.604337 0.284676
2115 0.604697 0.284838
2116 0.605057 0.284998
2117 0.605416 0.285159
2118 0.605777 0.285321
2119 0.606139 0.285482
2120 0.606499 0.285642
2121 0.606859 0.285804
2122 0.607217 0.285966
2123 0.607575 0.286126
2124 0.607933 0.286287
2125 0.608290 0.286448
2126 0.608648 0.286610
2127 0.609006 0.286770
2128 0.609368 0.286932
2129 0.609729 0.287094
2130 0.610088 0.287254
2131 0.610448 0.287415
2132 0.610808 0.287576
2133 0.611168 0.287739
2134 0.611527 0.287898
2135 0.611887 0.288060
2136 0.612248 0.288222
2137 0.612609 0.288382
2138 0.612970 0.288543
2139 0.613330 0.288704
2140 0.613688 0.288866
2141 0.614046 0.289027
2142 0.614404 0.289187
2143 0.614761 0.289349
2144 0.615119 0.289511
2145 0.615477 0.289670
2146 0.615838 0.289832
2147 0.616199 0.289995
2148 0.616559 0.290154
2149 0.616919 0.290316
2150 0.617278 0.290476
2151 0.617639 0.290639
2152 0.617998 0.290799
2153 0.618358 0.290960
2154 0.618719 0.291122
2155 0.619080 0.291283
2156 0.619441 0.291443
2157 0.619801 0.291605
2158 0.620159 0.291767
2159 0.620516 0.291926
2160 0.620874 0.292088
2161 0.621232 0.292250
2162 0.621589 0.292410
2163 0.621948 0.292571
2164 0.622309 0.292732
2165 0.622670 0.292894
2166 0.623030 0.293055
2167 0.623389 0.293215
2168 0.623749 0.293377
2169 0.624109 0.293540
2170 0.624469 0.293699
2171 0.624829 0.293861
2172 0.625190 0.294023
2173 0.625551 0.294183
2174 0.625912 0.294344
2175 0.626272 0.294504
2176 0.626630 0.294667
2177 0.626987 0.294828
2178 0.627345 0.294987
2179 0.627702 0.295150
2180 0.628060 0.295312
2181 0.628419 0.295471
2182 0.628779 0.295633
2183 0.629141 0.295796
2184 0.629500 0.295955
2185 0.629860 0.296117
2186 0.630220 0.296277
2187 0.630580 0.296439
2188 0.630940 0.296600
2189 0.631300 0.296760
2190 0.631661 0.296923
2191 0.632022 0.297084
2192 0.632383 0.297243
2193 0.632743 0.297406
2194 0.633100 0.297569
2195 0.633458 0.297727
2196 0.633816 0.297889
2197 0.634173 0.298051
2198 0.634531 0.298211
2199 0.634890 0.298372
2200 0.635250 0.298532
2201 0.635611 0.298695
2202 0.635971 0.298856
2203 0.636331 0.299015
2204 0.636690 0.299178
2205 0.637051 0.299341
2206 0.637410 0.299499
2207 0.637771 0.299661
2208 0.638132 0.299824
2209 0.638493 0.299983
2210 0.638854 0.300145
2211 0.639214 0.300305
2212 0.639571 0.300467
2213 0.639929 0.300629
2214 0.640286 0.300788
2215 0.640644 0.300951
2216 0.641002 0.301113
2217 0.641361 0.301271
2218 0.641721 0.301434
2219 0.642082 0.301597
2220 0.642442 0.301755
2221 0.642801 0.301917
2222 0.643161 0.302079
2223 0.643521 0.302239
2224 0.643881 0.302401
2225 0.644242 0.302560
2226 0.644603 0.302724
2227 0.644964 0.302885
2228 0.645325 0.303043
2229 0.645684 0.303207
2230 0.646042 0.303370
2231 0.646399 0.303527
2232 0.646757 0.303690
2233 0.647115 0.303852
2234 0.647473 0.304011
2235 0.647832 0.304174
2236 0.648191 0.304333
2237 0.648552 0.304496
2238 0.648912 0.304658
2239 0.649272 0.304816
2240 0.649632 0.304979
2241 0.649992 0.305142
2242 0.650352 0.305300
2243 0.650713 0.305462
2244 0.651074 0.305625
2245 0.651435 0.305784
2246 0.651796 0.305946
2247 0.652155 0.306106
2248 0.652512 0.306268
2249 0.652870 0.306430
2250 0.653228 0.306588
2251 0.653585 0.306752
2252 0.653944 0.306914
2253 0.654303 0.307072
2254 0.654662 0.307235
2255 0.655023 0.307398
2256 0.655383 0.307556
2257 0.655743 0.307718
2258 0.656102 0.307880
2259 0.656463 0.308040
2260 0.656823 0.308202
2261 0.657184 0.308361
2262 0.657544 0.308524
2263 0.657906 0.308686
2264 0.658267 0.308844
2265 0.658626 0.309007
2266 0.658983 0.309171
2267 0.659341 0.309328
2268 0.659699 0.309491
2269 0.660056 0.309653
2270 0.660415 0.309812
2271 0.660773 0.309974
2272 0.661132 0.310134
2273 0.661494 0.310296
2274 0.661854 0.310459
2275 0.662213 0.310616
2276 0.662573 0.310780
2277 0.662933 0.310943
2278 0.663294 0.311100
2279 0.663654 0.311263
2280 0.664015 0.311426
2281 0.664377 0.311584
2282 0.664738 0.311747
2283 0.665096 0.311908
2284 0.665454 0.312068
2285 0.665811 0.312231
2286 0.666169 0.312389
2287 0.666527 0.312553
2288 0.666886 0.312715
2289 0.667244 0.312872
2290 0.667603 0.313036
2291 0.667964 0.313199
2292 0.668324 0.313356
2293 0.668684 0.313519
2294 0.669044 0.313681
2295 0.669404 0.313840
2296 0.669765 0.314003
2297 0.670125 0.314162
2298 0.670486 0.314325
2299 0.670847 0.314487
2300 0.671209 0.314644
2301 0.671567 0.314808
2302 0.671924 0.314972
2303 0.672282 0.315128
2304 0.672640 0.315291
2305 0.672998 0.315454
2306 0.673357 0.315612
2307 0.673715 0.315775
2308 0.674074 0.315936
2309 0.674435 0.316097
2310 0.674795 0.316260
2311 0.675155 0.316417
2312 0.675514 0.316581
2313 0.675875 0.316744
2314 0.676235 0.316900
2315 0.676596 0.317064
2316 0.676957 0.317227
2317 0.677318 0.317385
2318 0.677680 0.317547
2319 0.678038 0.317709
2320 0.678395 0.317869
2321 0.678753 0.318032
2322 0.679111 0.318190
2323 0.679469 0.318353
2324 0.679827 0.318516
2325 0.680186 0.318672
2326 0.680545 0.318836
2327 0.680906 0.319000
2328 0.681266 0.319157
2329 0.681626 0.319320
2330 0.681985 0.319482
2331 0.682346 0.319641
2332 0.682706 0.319804
2333 0.683068 0.319963
2334 0.683428 0.320125
2335 0.683790 0.320288
2336 0.684150 0.320445
2337 0.684507 0.320609
2338 0.684866 0.320772
2339 0.685222 0.320929
2340 0.685581 0.321092
2341 0.685939 0.321255
2342 0.686298 0.321413
2343 0.686656 0.321576
2344 0.687016 0.321737
2345 0.687376 0.321897
2346 0.687738 0.322061
2347 0.688096 0.322218
2348 0.688458 0.322381
2349 0.688816 0.322545
2350 0.689179 0.322701
2351 0.689538 0.322865
2352 0.689901 0.323028
2353 0.690260 0.323185
2354 0.690619 0.323348
2355 0.690979 0.323510
2356 0.691334 0.323669
2357 0.691694 0.323833
2358 0.692050 0.323991
2359 0.692411 0.324154
2360 0.692767 0.324317
2361 0.693128 0.324474
2362 0.693485 0.324637
2363 0.693849 0.324801
2364 0.694207 0.324957
2365 0.694569 0.325120
2366 0.694927 0.325283
2367 0.695289 0.325441
2368 0.695648 0.325605
2369 0.696012 0.325765
2370 0.696370 0.325926
2371 0.696732 0.326089
2372 0.697092 0.326246
2373 0.697447 0.326410
2374 0.697807 0.326573
2375 0.698162 0.326729
2376 0.698523 0.326893
2377 0.698878 0.327056
2378 0.699240 0.327213
2379 0.699595 0.327377
2380 0.699959 0.327538
2381 0.700317 0.327698
2382 0.700681 0.327861
2383 0.701037 0.328019
2384 0.701401 0.328182
2385 0.701757 0.328345
2386 0.702123 0.328502
2387 0.702480 0.328665
2388 0.702844 0.328829
2389 0.703202 0.328985
2390 0.703559 0.329149
2391 0.703921 0.329311
2392 0.704274 0.329469
2393 0.704636 0.329633
2394 0.704989 0.329793
2395 0.705353 0.329954
2396 0.705707 0.330118
2397 0.706070 0.330275
2398 0.706426 0.330438
2399 0.706792 0.330602
2400 0.707148 0.330757
2401 0.707513 0.330921
2402 0.707868 0.331084
2403 0.708233 0.331242
2404 0.708589 0.331406
2405 0.708955 0.331566
2406 0.709311 0.331726
2407 0.709673 0.331890
2408 0.710033 0.332047
2409 0.710386 0.332210
2410 0.710749 0.332374
2411 0.711101 0.332530
2412 0.711464 0.332694
2413 0.711818 0.332857
2414 0.712182 0.333014
2415 0.712535 0.333178
2416 0.712903 0.333339
2417 0.713258 0.333498
2418 0.713625 0.333662
2419 0.713978 0.333821
2420 0.714344 0.333982
2421 0.714699 0.334146
2422 0.715066 0.334303
2423 0.715421 0.334466
2424 0.715787 0.334630
2425 0.716143 0.334786
2426 0.716499 0.334950
2427 0.716862 0.335112
2428 0.717213 0.335270
2429 0.717577 0.335434
2430 0.717929 0.335594
2431 0.718294 0.335754
2432 0.718646 0.335919
2433 0.719013 0.336076
2434 0.719367 0.336239
2435 0.719735 0.336402
2436 0.720090 0.336558
2437 0.720456 0.336722
2438 0.720809 0.336885
2439 0.721176 0.337042
2440 0.721531 0.337206
2441 0.721899 0.337367
2442 0.722253 0.337526
2443 0.722614 0.337691
2444 0.722974 0.337849
2445 0.723325 0.338011
2446 0.723690 0.338175
2447 0.724040 0.338331
2448 0.724406 0.338495
2449 0.724757 0.338658
2450 0.725124 0.338814
2451 0.725477 0.338978
2452 0.725846 0.339140
2453 0.726199 0.339298
2454 0.726568 0.339463
2455 0.726920 0.339622
2456 0.727288 0.339783
2457 0.727640 0.339947
2458 0.728010 0.340104
2459 0.728363 0.340267
2460 0.728728 0.340431
2461 0.729085 0.340587
2462 0.729440 0.340750
2463 0.729804 0.340913
2464 0.730152 0.341070
2465 0.730519 0.341235
2466 0.730868 0.341395
2467 0.731236 0.341555
2468 0.731586 0.341719
2469 0.731956 0.341877
2470 0.732308 0.342039
2471 0.732679 0.342203
2472 0.733031 0.342360
2473 0.733400 0.342523
2474 0.733750 0.342686
2475 0.734120 0.342842
2476 0.734472 0.343007
2477 0.734842 0.343168
2478 0.735194 0.343327
2479 0.735555 0.343491
2480 0.735916 0.343650
2481 0.736265 0.343811
2482 0.736632 0.343976
2483 0.736980 0.344132
2484 0.737348 0.344295
2485 0.737697 0.344459
2486 0.738067 0.344615
2487 0.738418 0.344779
2488 0.738789 0.344941
2489 0.739140 0.345099
2490 0.739511 0.345263
2491 0.739861 0.345423
2492 0.740231 0.345583
2493 0.740582 0.345748
2494 0.740953 0.345905
2495 0.741304 0.346067
2496 0.741669 0.346231
2497 0.742027 0.346388
2498 0.742381 0.346551
2499 0.742745 0.346714
2500 0.743092 0.346871
2501 0.743460 0.347035
2502 0.743808 0.347196
2503 0.744178 0.347355
2504 0.744527 0.347520
2505 0.744899 0.347678
2506 0.745249 0.347840
2507 0.745622 0.348004
2508 0.745972 0.348161
2509 0.746343 0.348323
2510 0.746692 0.348487
2511 0.747063 0.348643
2512 0.747414 0.348807
2513 0.747783 0.348969
2514 0.748136 0.349127
2515 0.748496 0.349292
2516 0.748857 0.349451
2517 0.749205 0.349611
2518 0.749573 0.349777
2519 0.749919 0.349934
2520 0.750289 0.350096
2521 0.750637 0.350259
2522 0.751009 0.350416
2523 0.751359 0.350580
2524 0.751732 0.350742
2525 0.752081 0.350899
2526 0.752454 0.351064
2527 0.752803 0.351224
2528 0.753174 0.351383
2529 0.753523 0.351549
2530 0.753896 0.351706
2531 0.754246 0.351868
2532 0.754610 0.352032
2533 0.754968 0.352189
2534 0.755321 0.352352
2535 0.755686 0.352515
2536 0.756032 0.352672
2537 0.756402 0.352836
2538 0.756748 0.352997
2539 0.757119 0.353155
2540 0.757468 0.353321
2541 0.757842 0.353479
2542 0.758190 0.353640
2543 0.758565 0.353805
2544 0.758913 0.353962
2545 0.759286 0.354124
2546 0.759633 0.354288
2547 0.760007 0.354445
2548 0.760355 0.354608
2549 0.760724 0.354770
2550 0.761078 0.354927
2551 0.761437 0.355093
2552 0.761798 0.355252
2553 0.762146 0.355412
2554 0.762515 0.355577
2555 0.762859 0.355735
2556 0.763231 0.355896
2557 0.763577 0.356060
2558 0.763952 0.356217
2559 0.764300 0.356380
2560 0.764675 0.356543
2561 0.765022 0.356700
2562 0.765397 0.356865
2563 0.765744 0.357025
2564 0.766117 0.357184
2565 0.766464 0.357349
2566 0.766838 0.357508
2567 0.767187 0.357668
2568 0.767551 0.357833
2569 0.767910 0.357990
2570 0.768262 0.358152
2571 0.768628 0.358316
2572 0.768972 0.358473
2573 0.769343 0.358637
2574 0.769687 0.358798
2575 0.770062 0.358956
2576 0.770409 0.359121
2577 0.770785 0.359280
2578 0.771131 0.359440
2579 0.771508 0.359606
2580 0.771854 0.359763
2581 0.772229 0.359925
2582 0.772574 0.360088
2583 0.772950 0.360246
2584 0.773296 0.360409
2585 0.773665 0.360571
2586 0.774019 0.360728
2587 0.774378 0.360893
2588 0.774740 0.361053
2589 0.775087 0.361212
2590 0.775457 0.361378
2591 0.775799 0.361536
2592 0.776173 0.361697
2593 0.776518 0.361861
2594 0.776895 0.362019
2595 0.777241 0.362181
2596 0.777617 0.362344
2597 0.777963 0.362501
2598 0.778340 0.362665
2599 0.778685 0.362826
2600 0.779060 0.362984
2601 0.779406 0.363150
2602 0.779779 0.363309
2603 0.780129 0.363469
2604 0.780492 0.363634
2605 0.780851 0.363791
2606 0.781203 0.363953
2607 0.781569 0.364117
2608 0.781911 0.364274
2609 0.782285 0.364437
2610 0.782627 0.364599
2611 0.783005 0.364757
2612 0.783350 0.364922
2613 0.783728 0.365082
2614 0.784072 0.365240
2615 0.784450 0.365406
2616 0.784795 0.365564
2617 0.785172 0.365725
2618 0.785516 0.365889
2619 0.785892 0.366047
2620 0.786238 0.366209
2621 0.786606 0.366372
2622 0.786961 0.366530
2623 0.787319 0.366694
2624 0.787681 0.366854
2625 0.788028 0.367012
2626 0.788398 0.367178
2627 0.788739 0.367337
2628 0.789115 0.367497
2629 0.789459 0.367662
2630 0.789838 0.367820
2631 0.790182 0.367981
2632 0.790560 0.368145
2633 0.790904 0.368302
2634 0.791283 0.368466
2635 0.791626 0.368627
2636 0.792004 0.368785
2637 0.792347 0.368950
2638 0.792720 0.369110
2639 0.793070 0.369269
2640 0.793433 0.369435
2641 0.793792 0.369593
2642 0.794144 0.369753
2643 0.794511 0.369917
2644 0.794852 0.370075
2645 0.795226 0.370238
2646 0.795568 0.370400
2647 0.795948 0.370558
2648 0.796291 0.370722
2649 0.796671 0.370883
2650 0.797013 0.371041
2651 0.797393 0.371207
2652 0.797737 0.371365
2653 0.798115 0.371525
2654 0.798457 0.371690
2655 0.798833 0.371848
2656 0.799179 0.372010
2657 0.799547 0.372173
2658 0.799902 0.372331
2659 0.800260 0.372494
2660 0.800622 0.372655
2661 0.800969 0.372813
2662 0.801340 0.372979
2663 0.801679 0.373138
2664 0.802057 0.373297
2665 0.802400 0.373463
2666 0.802780 0.373621
2667 0.803123 0.373782
2668 0.803503 0.373945
2669 0.803846 0.374104
2670 0.804226 0.374266
2671 0.804568 0.374428
2672 0.804947 0.374586
2673 0.805288 0.374751
2674 0.805661 0.374911
2675 0.806011 0.375069
2676 0.806375 0.375235
2677 0.806733 0.375394
2678 0.807085 0.375554
2679 0.807452 0.375718
2680 0.807794 0.375876
2681 0.808168 0.376038
2682 0.808509 0.376201
2683 0.808890 0.376359
2684 0.809232 0.376523
2685 0.809613 0.376684
2686 0.809954 0.376842
2687 0.810336 0.377008
2688 0.810678 0.377166
2689 0.811058 0.377326
2690 0.811398 0.377491
2691 0.811774 0.377649
2692 0.812120 0.377810
2693 0.812488 0.377974
2694 0.812844 0.378132
2695 0.813201 0.378295
2696 0.813563 0.378456
2697 0.813910 0.378615
2698 0.814281 0.378780
2699 0.814619 0.378939
2700 0.815000 0.379097
2701 0.815341 0.379264
2702 0.815723 0.379422
2703 0.816064 0.379582
2704 0.816446 0.379746
2705 0.816787 0.379905
2706 0.817169 0.380067
2707 0.817509 0.380229
2708 0.817889 0.380387
2709 0.818230 0.380551
2710 0.818602 0.380712
2711 0.818953 0.380870
2712 0.819316 0.381036
2713 0.819675 0.381195
2714 0.820026 0.381354
2715 0.820393 0.381519
2716 0.820735 0.381677
2717 0.821110 0.381839
2718 0.821450 0.382002
2719 0.821833 0.382160
2720 0.822173 0.382323
2721 0.822556 0.382484
2722 0.822896 0.382643
2723 0.823278 0.382808
2724 0.823619 0.382967
2725 0.824001 0.383126
2726 0.824340 0.383292
2727 0.824716 0.383450
2728 0.825062 0.383611
2729 0.825429 0.383774
2730 0.825785 0.383933
2731 0.826142 0.384095
2732 0.826505 0.384257
2733 0.826852 0.384416
2734 0.827223 0.384580
2735 0.827560 0.384740
2736 0.827942 0.384899
2737 0.828282 0.385064
2738 0.828665 0.385223
2739 0.829005 0.385382
2740 0.829388 0.385547
2741 0.829728 0.385706
2742 0.830111 0.385867
2743 0.830450 0.386030
2744 0.830830 0.386189
2745 0.831171 0.386352
2746 0.831543 0.386513
2747 0.831894 0.386671
2748 0.832257 0.386837
2749 0.832616 0.386996
2750 0.832968 0.387154
2751 0.833335 0.387320
2752 0.833676 0.387479
2753 0.834053 0.387639
2754 0.834391 0.387802
2755 0.834775 0.387961
2756 0.835114 0.388124
2757 0.835498 0.388285
2758 0.835837 0.388444
2759 0.836221 0.388609
2760 0.836560 0.388768
2761 0.836943 0.388927
2762 0.837281 0.389092
2763 0.837657 0.389251
2764 0.838003 0.389411
2765 0.838371 0.389575
2766 0.838726 0.389734
2767 0.839084 0.389896
2768 0.839446 0.390058
2769 0.839793 0.390217
2770 0.840164 0.390381
2771 0.840502 0.390541
2772 0.840885 0.390700
2773 0.841223 0.390865
2774 0.841608 0.391024
2775 0.841946 0.391183
2776 0.842331 0.391348
2777 0.842668 0.391507
2778 0.843054 0.391668
2779 0.843391 0.391831
2780 0.843771 0.391990
2781 0.844112 0.392152
2782 0.844484 0.392313
2783 0.844835 0.392472
2784 0.845198 0.392637
2785 0.845558 0.392797
2786 0.845909 0.392955
2787 0.846276 0.393121
2788 0.846618 0.393280
2789 0.846995 0.393440
2790 0.847332 0.393603
2791 0.847718 0.393762
2792 0.848055 0.393924
2793 0.848441 0.394086
2794 0.848778 0.394245
2795 0.849163 0.394409
2796 0.849501 0.394569
2797 0.849886 0.394728
2798 0.850222 0.394893
2799 0.850598 0.395052
2800 0.850944 0.395211
2801 0.851312 0.395376
2802 0.851667 0.395535
2803 0.852025 0.395696
2804 0.852387 0.395859
2805 0.852734 0.396018
2806 0.853106 0.396181
2807 0.853445 0.396342
2808 0.853827 0.396501
2809 0.854164 0.396666
2810 0.854550 0.396825
2811 0.854887 0.396984
2812 0.855273 0.397149
2813 0.855609 0.397308
2814 0.855996 0.397468
2815 0.856332 0.397631
2816 0.856712 0.397791
2817 0.857054 0.397953
2818 0.857426 0.398114
2819 0.857777 0.398273
2820 0.858139 0.398438
2821 0.858499 0.398598
2822 0.858850 0.398756
2823 0.859217 0.398921
2824 0.859560 0.399081
2825 0.859937 0.399240
2826 0.860273 0.399404
2827 0.860660 0.399563
2828 0.860996 0.399725
2829 0.861383 0.399887
2830 0.861719 0.400046
2831 0.862106 0.400209
2832 0.862442 0.400370
2833 0.862827 0.400529
2834 0.863163 0.400694
2835 0.863539 0.400853
2836 0.863886 0.401012
2837 0.864253 0.401177
2838 0.864609 0.401336
2839 0.864966 0.401497
2840 0.865329 0.401659
2841 0.865675 0.401819
2842 0.866048 0.401981
2843 0.866387 0.402143
2844 0.866770 0.402302
2845 0.867105 0.402466
2846 0.867493 0.402626
2847 0.867828 0.402785
2848 0.868216 0.402949
2849 0.868550 0.403109
2850 0.868939 0.403268
2851 0.869273 0.403432
2852 0.869654 0.403592
2853 0.869995 0.403753
2854 0.870367 0.403915
2855 0.870718 0.404075
2856 0.871081 0.404238
2857 0.871441 0.404399
2858 0.871791 0.404557
2859 0.872159 0.404722
2860 0.872502 0.404882
2861 0.872880 0.405040
2862 0.873214 0.405205
2863 0.873602 0.405365
2864 0.873937 0.405525
2865 0.874325 0.405688
2866 0.874660 0.405847
2867 0.875048 0.406010
2868 0.875383 0.406171
2869 0.875768 0.406330
2870 0.876104 0.406495
2871 0.876481 0.406654
2872 0.876827 0.406813
2873 0.877194 0.406978
2874 0.877550 0.407137
2875 0.877908 0.407297
2876 0.878270 0.407460
2877 0.878617 0.407620
2878 0.878990 0.407782
2879 0.879329 0.407943
2880 0.879712 0.408103
2881 0.880046 0.408266
2882 0.880435 0.408427
2883 0.880769 0.408586
2884 0.881158 0.408750
2885 0.881491 0.408910
2886 0.881881 0.409069
2887 0.882215 0.409233
2888 0.882595 0.409393
2889 0.882936 0.409554
2890 0.883308 0.409716
2891 0.883659 0.409876
2892 0.884022 0.410038
2893 0.884382 0.410199
2894 0.884733 0.410358
2895 0.885100 0.410523
2896 0.885444 0.410683
2897 0.885822 0.410841
2898 0.886157 0.411006
2899 0.886544 0.411165
2900 0.886878 0.411325
2901 0.887268 0.411488
2902 0.887601 0.411648
2903 0.887991 0.411810
2904 0.888323 0.411972
2905 0.888709 0.412131
2906 0.889046 0.412295
2907 0.889422 0.412455
2908 0.889768 0.412614
2909 0.890136 0.412778
2910 0.890491 0.412938
2911 0.890849 0.413098
2912 0.891211 0.413261
2913 0.891558 0.413421
2914 0.891932 0.413582
2915 0.892271 0.413744
2916 0.892654 0.413904
2917 0.892986 0.414067
2918 0.893377 0.414228
2919 0.893710 0.414387
2920 0.894100 0.414551
2921 0.894432 0.414711
2922 0.894823 0.414870
2923 0.895156 0.415034
2924 0.895536 0.415194
2925 0.895877 0.415354
2926 0.896249 0.415516
2927 0.896600 0.415677
2928 0.896963 0.415839
2929 0.897323 0.416000
2930 0.897674 0.416160
2931 0.898042 0.416323
2932 0.898386 0.416484
2933 0.898764 0.416642
2934 0.899099 0.416806
2935 0.899487 0.416966
2936 0.899818 0.417126
2937 0.900210 0.417289
2938 0.900541 0.417450
2939 0.900933 0.417611
2940 0.901264 0.417772
2941 0.901650 0.417932
2942 0.901987 0.418095
2943 0.902363 0.418256
2944 0.902709 0.418415
2945 0.903077 0.418579
2946 0.903433 0.418739
2947 0.903790 0.418898
2948 0.904153 0.419062
2949 0.904500 0.419222
2950 0.904874 0.419382
2951 0.905214 0.419545
2952 0.905596 0.419705
2953 0.905927 0.419867
2954 0.906319 0.420028
2955 0.906650 0.420188
2956 0.907043 0.420352
2957 0.907373 0.420512
2958 0.907764 0.420671
2959 0.908096 0.420834
2960 0.908477 0.420995
2961 0.908819 0.421155
2962 0.909191 0.421317
2963 0.909542 0.421478
2964 0.909905 0.421639
2965 0.910264 0.421801
2966 0.910616 0.421961
2967 0.910984 0.422124
2968 0.911328 0.422284
2969 0.911706 0.422443
2970 0.912041 0.422607
2971 0.912429 0.422767
2972 0.912759 0.422927
2973 0.913152 0.423090
2974 0.913482 0.423250
2975 0.913875 0.423411
2976 0.914205 0.423573
2977 0.914591 0.423733
2978 0.914928 0.423896
2979 0.915305 0.424057
2980 0.915651 0.424216
2981 0.916018 0.424380
2982 0.916374 0.424540
2983 0.916732 0.424699
2984 0.917094 0.424863
2985 0.917442 0.425023
2986 0.917816 0.425183
2987 0.918156 0.425346
2988 0.918539 0.425506
2989 0.918869 0.425667
2990 0.919262 0.425829
2991 0.919591 0.425989
2992 0.919985 0.426152
2993 0.920314 0.426313
2994 0.920705 0.426472
2995 0.921037 0.426635
2996 0.921419 0.426796
2997 0.921760 0.426956
2998 0.922132 0.427118
2999 0.922483 0.427279
3000 0.922846 0.427439
3001 0.923206 0.427601
3002 0.923557 0.427762
3003 0.923926 0.427924
3004 0.924270 0.428085
3005 0.924648 0.428245
3006 0.924984 0.428408
3007 0.925371 0.428568
3008 0.925700 0.428728
3009 0.926094 0.428891
3010 0.926423 0.429051
3011 0.926818 0.429212
3012 0.927146 0.429374
3013 0.927533 0.429534
3014 0.927869 0.429696
3015 0.928246 0.429857
3016 0.928592 0.430017
3017 0.928960 0.430180
3018 0.929315 0.430341
3019 0.929673 0.430500
3020 0.930035 0.430663
3021 0.930384 0.430824
3022 0.930758 0.430984
3023 0.931098 0.431146
3024 0.931481 0.431307
3025 0.931812 0.431468
3026 0.932204 0.431629
3027 0.932532 0.431790
3028 0.932927 0.431953
3029 0.933255 0.432113
3030 0.933646 0.432273
3031 0.933978 0.432436
3032 0.934360 0.432597
3033 0.934701 0.432756
3034 0.935073 0.432919
3035 0.935424 0.433079
3036 0.935787 0.433240
3037 0.936147 0.433402
3038 0.936499 0.433563
3039 0.936867 0.433724
3040 0.937212 0.433886
3041 0.937590 0.434046
3042 0.937926 0.434208
3043 0.938313 0.434369
3044 0.938641 0.434529
3045 0.939036 0.434692
3046 0.939364 0.434852
3047 0.939760 0.435013
3048 0.940087 0.435174
3049 0.940474 0.435335
3050 0.940810 0.435496
3051 0.941187 0.435658
3052 0.941533 0.435818
3053 0.941901 0.435981
3054 0.942256 0.436142
3055 0.942615 0.436301
3056 0.942977 0.436464
3057 0.943326 0.436625
3058 0.943700 0.436785
3059 0.944040 0.436947
3060 0.944423 0.437108
3061 0.944754 0.437269
3062 0.945146 0.437430
3063 0.945473 0.437591
3064 0.945869 0.437753
3065 0.946196 0.437914
3066 0.946587 0.438074
3067 0.946919 0.438237
3068 0.947301 0.438398
3069 0.947642 0.438557
3070 0.948015 0.438720
3071 0.948365 0.438881
3072 0.948729 0.439041
3073 0.949088 0.439203
3074 0.949441 0.439364
3075 0.949809 0.439525
3076 0.950154 0.439686
3077 0.950533 0.439847
3078 0.950868 0.440009
3079 0.951255 0.440170
3080 0.951582 0.440330
3081 0.951978 0.440492
3082 0.952305 0.440653
3083 0.952701 0.440814
3084 0.953028 0.440975
3085 0.953415 0.441136
3086 0.953751 0.441297
3087 0.954128 0.441458
3088 0.954474 0.441619
3089 0.954842 0.441781
3090 0.955197 0.441942
3091 0.955556 0.442102
3092 0.955919 0.442265
3093 0.956269 0.442426
3094 0.956642 0.442586
3095 0.956983 0.442748
3096 0.957365 0.442909
3097 0.957696 0.443070
3098 0.958088 0.443231
3099 0.958414 0.443392
3100 0.958811 0.443553
3101 0.959137 0.443714
3102 0.959528 0.443875
3103 0.959860 0.444037
3104 0.960243 0.444199
3105 0.960583 0.444358
3106 0.960956 0.444521
3107 0.961306 0.444682
3108 0.961670 0.444842
3109 0.962030 0.445003
3110 0.962383 0.445165
3111 0.962751 0.445326
3112 0.963097 0.445487
3113 0.963474 0.445648
3114 0.963810 0.445810
3115 0.964197 0.445971
3116 0.964524 0.446131
3117 0.964921 0.446293
3118 0.965246 0.446454
3119 0.965642 0.446614
3120 0.965969 0.446776
3121 0.966356 0.446937
3122 0.966692 0.447098
3123 0.967070 0.447259
3124 0.967415 0.447420
3125 0.967784 0.447582
3126 0.968139 0.447743
3127 0.968498 0.447903
3128 0.968861 0.448065
3129 0.969211 0.448227
3130 0.969584 0.448386
3131 0.969925 0.448549
3132 0.970307 0.448710
3133 0.970639 0.448871
3134 0.971030 0.449031
3135 0.971355 0.449193
3136 0.971753 0.449354
3137 0.972078 0.449515
3138 0.972470 0.449676
3139 0.972801 0.449838
3140 0.973184 0.449999
3141 0.973524 0.450159
3142 0.973898 0.450321
3143 0.974247 0.450483
3144 0.974611 0.450643
3145 0.974971 0.450804
3146 0.975325 0.450965
3147 0.975693 0.451127
3148 0.976039 0.451287
3149 0.976416 0.451449
3150 0.976753 0.451610
3151 0.977139 0.451771
3152 0.977467 0.451932
3153 0.977863 0.452093
3154 0.978187 0.452255
3155 0.978583 0.452415
3156 0.978910 0.452577
3157 0.979297 0.452738
3158 0.979633 0.452899
3159 0.980011 0.453060
3160 0.980356 0.453221
3161 0.980725 0.453383
3162 0.981080 0.453543
3163 0.981439 0.453704
3164 0.981802 0.453866
3165 0.982153 0.454028
3166 0.982525 0.454187
3167 0.982867 0.454349
3168 0.983249 0.454511
3169 0.983581 0.454671
3170 0.983972 0.454832
3171 0.984296 0.454994
3172 0.984695 0.455155
3173 0.985019 0.455315
3174 0.985411 0.455477
3175 0.985742 0.455639
3176 0.986125 0.455800
3177 0.986465 0.455960
3178 0.986839 0.456122
3179 0.987189 0.456283
3180 0.987553 0.456443
3181 0.987912 0.456605
3182 0.988267 0.456766
3183 0.988635 0.456928
3184 0.988981 0.457088
3185 0.989358 0.457250
3186 0.989695 0.457411
3187 0.990081 0.457572
3188 0.990409 0.457733
3189 0.990805 0.457894
3190 0.991128 0.458056
3191 0.991524 0.458216
3192 0.991851 0.458378
3193 0.992239 0.458539
3194 0.992574 0.458700
3195 0.992953 0.458860
3196 0.993298 0.459022
3197 0.993667 0.459184
3198 0.994021 0.459344
3199 0.994381 0.459505
3200 0.994744 0.459667
3201 0.995095 0.459828
3202 0.995467 0.459988
3203 0.995809 0.460150
3204 0.996191 0.460312
3205 0.996523 0.460472
3206 0.996914 0.460633
3207 0.997237 0.460795
3208 0.997637 0.460956
3209 0.997960 0.461116
3210 0.998352 0.461278
3211 0.998683 0.461440
3212 0.999066 0.461600
3213 0.999406 0.461761
3214 0.999780 0.461922
3215 1.000130 0.462084
3216 1.000494 0.462244
3217 1.000853 0.462406
3218 1.001209 0.462567
3219 1.001576 0.462728
3220 1.001923 0.462889
3221 1.002300 0.463050
3222 1.002637 0.463212
3223 1.003023 0.463372
3224 1.003351 0.463534
3225 1.003747 0.463695
3226 1.004069 0.463856
3227 1.004466 0.464017
3228 1.004792 0.464178
3229 1.005180 0.464340
3230 1.005515 0.464501
3231 1.005894 0.464661
3232 1.006239 0.464823
3233 1.006608 0.464985
3234 1.006962 0.465144
3235 1.007322 0.465306
3236 1.007686 0.465468
3237 1.008037 0.465628
3238 1.008409 0.465789
3239 1.008751 0.465950
3240 1.009132 0.466113
3241 1.009465 0.466273
3242 1.009856 0.466434
3243 1.010179 0.466596
3244 1.010579 0.466757
3245 1.010901 0.466917
3246 1.011293 0.467079
3247 1.011624 0.467241
3248 1.012008 0.467400
3249 1.012348 0.467562
3250 1.012722 0.467723
3251 1.013071 0.467885
3252 1.013436 0.468045
3253 1.013794 0.468206
3254 1.014151 0.468368
3255 1.014518 0.468529
3256 1.014865 0.468689
3257 1.015242 0.468851
3258 1.015579 0.469013
3259 1.015965 0.469173
3260 1.016293 0.469335
3261 1.016688 0.469497
3262 1.017009 0.469657
3263 1.017407 0.469818
3264 1.017733 0.469979
3265 1.018121 0.470141
3266 1.018456 0.470301
3267 1.018835 0.470462
3268 1.019180 0.470624
3269 1.019550 0.470785
3270 1.019903 0.470945
3271 1.020264 0.471107
3272 1.020627 0.471269
3273 1.020979 0.471429
3274 1.021351 0.471590
3275 1.021693 0.471751
3276 1.022074 0.471913
3277 1.022407 0.472074
3278 1.022798 0.472234
3279 1.023121 0.472397
3280 1.023521 0.472558
3281 1.023842 0.472718
3282 1.024235 0.472880
3283 1.024565 0.473042
3284 1.024949 0.473201
3285 1.025289 0.473363
3286 1.025663 0.473525
3287 1.026012 0.473685
3288 1.026377 0.473846
3289 1.026736 0.474007
3290 1.027093 0.474169
3291 1.027460 0.474330
3292 1.027807 0.474490
3293 1.028183 0.474652
3294 1.028521 0.474814
3295 1.028907 0.474973
3296 1.029236 0.475135
3297 1.029630 0.475298
3298 1.029950 0.475457
3299 1.030348 0.475619
3300 1.030674 0.475779
3301 1.031062 0.475942
3302 1.031397 0.476102
3303 1.031777 0.476263
3304 1.032121 0.476425
3305 1.032491 0.476586
3306 1.032844 0.476746
3307 1.033206 0.476908
3308 1.033569 0.477070
3309 1.033921 0.477229
3310 1.034292 0.477391
3311 1.034635 0.477553
3312 1.035016 0.477713
3313 1.035350 0.477874
3314 1.035739 0.478035
3315 1.036064 0.478198
3316 1.036462 0.478358
3317 1.036782 0.478518
3318 1.037176 0.478680
3319 1.037506 0.478842
3320 1.037890 0.479002
3321 1.038229 0.479164
3322 1.038605 0.479326
3323 1.038953 0.479485
3324 1.039319 0.479647
3325 1.039677 0.479807
3326 1.040035 0.479970
3327 1.040401 0.480131
3328 1.040749 0.480291
3329 1.041125 0.480453
3330 1.041463 0.480615
3331 1.041849 0.480774
3332 1.042178 0.480936
3333 1.042572 0.481099
3334 1.042892 0.481258
3335 1.043289 0.481420
3336 1.043615 0.481581
3337 1.044004 0.481742
3338 1.044338 0.481903
3339 1.044718 0.482063
3340 1.045062 0.482226
3341 1.045433 0.482387
3342 1.045785 0.482547
3343 1.046147 0.482709
3344 1.046510 0.482871
3345 1.046863 0.483030
3346 1.047234 0.483192
3347 1.047577 0.483354
3348 1.047957 0.483514
3349 1.048292 0.483675
3350 1.048681 0.483836
3351 1.049006 0.483998
3352 1.049403 0.484159
3353 1.049723 0.484319
3354 1.050117 0.484481
3355 1.050447 0.484643
3356 1.050832 0.484802
3357 1.051170 0.484964
3358 1.051546 0.485127
3359 1.051894 0.485286
3360 1.052261 0.485448
3361 1.052618 0.485609
3362 1.052977 0.485770
3363 1.053343 0.485931
3364 1.053691 0.486091
3365 1.054066 0.486254
3366 1.054405 0.486415
3367 1.054790 0.486575
3368 1.055120 0.486737
3369 1.055514 0.486900
3370 1.055834 0.487058
3371 1.056231 0.487220
3372 1.056556 0.487383
3373 1.056945 0.487542
3374 1.057279 0.487704
3375 1.057659 0.487864
3376 1.058003 0.488027
3377 1.058374 0.488187
3378 1.058726 0.488347
3379 1.059089 0.488510
3380 1.059452 0.488672
3381 1.059805 0.488830
3382 1.060176 0.488993
3383 1.060519 0.489156
3384 1.060899 0.489314
3385 1.061234 0.489476
3386 1.061623 0.489637
3387 1.061948 0.489799
3388 1.062344 0.489960
3389 1.062664 0.490119
3390 1.063058 0.490282
3391 1.063388 0.490444
3392 1.063773 0.490603
3393 1.064111 0.490765
3394 1.064488 0.490928
3395 1.064835 0.491087
3396 1.065202 0.491249
3397 1.065560 0.491411
3398 1.065919 0.491571
3399 1.066285 0.491732
3400 1.066633 0.491892
3401 1.067008 0.492055
3402 1.067347 0.492216
3403 1.067732 0.492375
3404 1.068062 0.492538
3405 1.068456 0.492700
3406 1.068777 0.492859
3407 1.069172 0.493021
3408 1.069496 0.493184
3409 1.069886 0.493343
3410 1.070220 0.493505
3411 1.070601 0.493665
3412 1.070944 0.493827
3413 1.071315 0.493988
3414 1.071667 0.494148
3415 1.072031 0.494311
3416 1.072394 0.494472
3417 1.072747 0.494631
3418 1.073117 0.494794
3419 1.073461 0.494957
3420 1.073841 0.495115
3421 1.074176 0.495277
3422 1.074565 0.495439
3423 1.074890 0.495599
3424 1.075286 0.495761
3425 1.075605 0.495920
3426 1.076000 0.496083
3427 1.076328 0.496244
3428 1.076714 0.496403
3429 1.077052 0.496566
3430 1.077429 0.496729
3431 1.077776 0.496887
3432 1.078143 0.497049
3433 1.078501 0.497212
3434 1.078861 0.497371
3435 1.079226 0.497533
3436 1.079575 0.497694
3437 1.079950 0.497855
3438 1.080289 0.498017
3439 1.080674 0.498176
3440 1.081004 0.498339
3441 1.081397 0.498501
3442 1.081719 0.498659
3443 1.082114 0.498822
3444 1.082437 0.498985
3445 1.082828 0.499143
3446 1.083161 0.499305
3447 1.083542 0.499467
3448 1.083885 0.499627
3449 1.084257 0.499789
3450 1.084608 0.499946
3451 1.084973 0.500114
3452 1.085335 0.500272
3453 1.085689 0.500432
3454 1.086058 0.500596
3455 1.086403 0.500755
3456 1.086782 0.500916
3457 1.087119 0.501079
3458 1.087507 0.501237
3459 1.087833 0.501401
3460 1.088227 0.501562
3461 1.088547 0.501720
3462 1.088941 0.501886
3463 1.089269 0.502045
3464 1.089656 0.502204
3465 1.089993 0.502369
3466 1.090371 0.502527
3467 1.090717 0.502688
3468 1.091085 0.502852
3469 1.091442 0.503010
3470 1.091803 0.503173
3471 1.092168 0.503335
3472 1.092517 0.503493
3473 1.092891 0.503658
3474 1.093232 0.503817
3475 1.093616 0.503976
3476 1.093947 0.504142
3477 1.094339 0.504300
3478 1.094661 0.504460
3479 1.095055 0.504624
3480 1.095378 0.504783
3481 1.095769 0.504945
3482 1.096102 0.505107
3483 1.096483 0.505266
3484 1.096826 0.505430
3485 1.097198 0.505590
3486 1.097549 0.505748
3487 1.097915 0.505914
3488 1.098277 0.506073
3489 1.098631 0.506232
3490 1.099000 0.506397
3491 1.099345 0.506556
3492 1.099724 0.506717
3493 1.100060 0.506880
3494 1.100448 0.507038
3495 1.100775 0.507201
3496 1.101168 0.507363
3497 1.101489 0.507521
3498 1.101883 0.507686
3499 1.102210 0.507846
3500 1.102597 0.508004
3501 1.102934 0.508170
3502 1.103312 0.508328
3503 1.103658 0.508489
3504 1.104027 0.508653
3505 1.104383 0.508811
3506 1.104745 0.508973
3507 1.105109 0.509135
3508 1.105459 0.509294
3509 1.105833 0.509458
3510 1.106174 0.509618
3511 1.106557 0.509777
3512 1.106889 0.509943
3513 1.107281 0.510101
3514 1.107604 0.510260
3515 1.107996 0.510425
3516 1.108319 0.510584
3517 1.108710 0.510745
3518 1.109042 0.510908
3519 1.109425 0.511067
3520 1.109767 0.511230
3521 1.110140 0.511391
3522 1.110490 0.511549
3523 1.110857 0.511715
3524 1.111218 0.511874
3525 1.111573 0.512032
3526 1.111942 0.512198
3527 1.112287 0.512357
3528 1.112665 0.512517
3529 1.113002 0.512681
3530 1.113390 0.512839
3531 1.113717 0.513002
3532 1.114110 0.513164
3533 1.114432 0.513322
3534 1.114824 0.513487
3535 1.115151 0.513647
3536 1.115538 0.513805
3537 1.115875 0.513971
3538 1.116253 0.514129
3539 1.116599 0.514289
3540 1.116968 0.514454
3541 1.117325 0.514612
3542 1.117687 0.514774
3543 1.118051 0.514936
3544 1.118401 0.515095
3545 1.118774 0.515258
3546 1.119116 0.515419
3547 1.119498 0.515578
3548 1.119831 0.515743
3549 1.120222 0.515902
3550 1.120546 0.516061
3551 1.120937 0.516226
3552 1.121260 0.516385
3553 1.121652 0.516546
3554 1.121983 0.516709
3555 1.122366 0.516868
3556 1.122707 0.517030
3557 1.123082 0.517192
3558 1.123431 0.517351
3559 1.123798 0.517515
3560 1.124159 0.517675
3561 1.124515 0.517833
3562 1.124883 0.517999
3563 1.125229 0.518158
3564 1.125607 0.518317
3565 1.125944 0.518482
3566 1.126332 0.518641
3567 1.126659 0.518802
3568 1.127051 0.518965
3569 1.127374 0.519123
3570 1.127766 0.519287
3571 1.128092 0.519448
3572 1.128480 0.519606
3573 1.128816 0.519772
3574 1.129194 0.519930
3575 1.129540 0.520089
3576 1.129910 0.520254
3577 1.130266 0.520413
3578 1.130628 0.520574
3579 1.130992 0.520737
3580 1.131343 0.520896
3581 1.131716 0.521059
3582 1.132058 0.521220
3583 1.132440 0.521379
3584 1.132773 0.521544
3585 1.133164 0.521703
3586 1.133488 0.521862
3587 1.133879 0.522027
3588 1.134202 0.522186
3589 1.134593 0.522346
3590 1.134924 0.522510
3591 1.135308 0.522669
3592 1.135648 0.522831
3593 1.136023 0.522993
3594 1.136372 0.523152
3595 1.136740 0.523315
3596 1.137101 0.523476
3597 1.137457 0.523634
3598 1.137825 0.523800
3599 1.138171 0.523959
3600 1.138548 0.524117
3601 1.138886 0.524283
3602 1.139273 0.524442
3603 1.139602 0.524603
3604 1.139992 0.524765
3605 1.140316 0.524924
3606 1.140707 0.525087
3607 1.141033 0.525248
3608 1.141421 0.525407
3609 1.141756 0.525572
3610 1.142136 0.525732
3611 1.142481 0.525890
3612 1.142851 0.526055
3613 1.143207 0.526214
3614 1.143570 0.526374
3615 1.143934 0.526538
3616 1.144285 0.526697
3617 1.144657 0.526859
3618 1.145000 0.527021
3619 1.145381 0.527180
3620 1.145715 0.527344
3621 1.146106 0.527504
3622 1.146430 0.527663
3623 1.146820 0.527828
3624 1.147144 0.527987
3625 1.147535 0.528146
3626 1.147865 0.528311
3627 1.148249 0.528470
3628 1.148589 0.528631
3629 1.148965 0.528794
3630 1.149313 0.528953
3631 1.149682 0.529116
3632 1.150042 0.529277
3633 1.150399 0.529436
3634 1.150766 0.529600
3635 1.151114 0.529760
3636 1.151490 0.529918
3637 1.151828 0.530083
3638 1.152215 0.530243
3639 1.152544 0.530403
3640 1.152934 0.530566
3641 1.153259 0.530726
3642 1.153648 0.530888
3643 1.153974 0.531049
3644 1.154363 0.531208
3645 1.154697 0.531372
3646 1.155077 0.531533
3647 1.155422 0.531691
3648 1.155793 0.531856
3649 1.156148 0.532015
3650 1.156512 0.532174
3651 1.156875 0.532339
3652 1.157227 0.532498
3653 1.157598 0.532659
3654 1.157942 0.532822
3655 1.158322 0.532981
3656 1.158658 0.533144
3657 1.159047 0.533305
3658 1.159372 0.533464
3659 1.159762 0.533629
3660 1.160087 0.533788
3661 1.160476 0.533947
3662 1.160806 0.534112
3663 1.161190 0.534271
3664 1.161530 0.534431
3665 1.161906 0.534594
3666 1.162254 0.534754
3667 1.162623 0.534916
3668 1.162983 0.535077
3669 1.163341 0.535237
3670 1.163707 0.535401
3671 1.164056 0.535561
3672 1.164431 0.535720
3673 1.164770 0.535884
3674 1.165156 0.536044
3675 1.165486 0.536203
3676 1.165875 0.536367
3677 1.166201 0.536527
3678 1.166590 0.536688
3679 1.166915 0.536850
3680 1.167304 0.537009
3681 1.167638 0.537173
3682 1.168019 0.537333
3683 1.168363 0.537492
3684 1.168735 0.537657
3685 1.169089 0.537816
3686 1.169454 0.537975
3687 1.169816 0.538140
3688 1.170170 0.538299
3689 1.170540 0.538460
3690 1.170884 0.538622
3691 1.171264 0.538782
3692 1.171600 0.538944
3693 1.171989 0.539106
3694 1.172314 0.539265
3695 1.172703 0.539429
3696 1.173029 0.539589
3697 1.173418 0.539748
3698 1.173747 0.539912
3699 1.174132 0.540072
3700 1.174470 0.540231
3701 1.174848 0.540395
3702 1.175195 0.540555
3703 1.175565 0.540716
3704 1.175924 0.540878
3705 1.176283 0.541038
3706 1.176649 0.541201
3707 1.176998 0.541362
3708 1.177372 0.541521
3709 1.177712 0.541685
3710 1.178097 0.541845
3711 1.178428 0.542004
3712 1.178816 0.542168
3713 1.179143 0.542328
3714 1.179531 0.542488
3715 1.179857 0.542651
3716 1.180246 0.542810
3717 1.180579 0.542973
3718 1.180960 0.543134
3719 1.181304 0.543293
3720 1.181676 0.543458
3721 1.182030 0.543617
3722 1.182395 0.543776
3723 1.182758 0.543941
3724 1.183112 0.544100
3725 1.183481 0.544260
3726 1.183826 0.544423
3727 1.184205 0.544583
3728 1.184541 0.544745
3729 1.184930 0.544906
3730 1.185257 0.545066
3731 1.185645 0.545230
3732 1.185971 0.545390
3733 1.186359 0.545549
3734 1.186687 0.545713
3735 1.187073 0.545873
3736 1.187411 0.546032
3737 1.187789 0.546196
3738 1.188137 0.546356
3739 1.188507 0.546517
3740 1.188865 0.546679
3741 1.189225 0.546839
3742 1.189590 0.547001
3743 1.189940 0.547162
3744 1.190314 0.547322
3745 1.190654 0.547486
3746 1.191039 0.547646
3747 1.191370 0.547805
3748 1.191758 0.547969
3749 1.192085 0.548129
3750 1.192473 0.548288
3751 1.192800 0.548452
3752 1.193187 0.548612
3753 1.193520 0.548773
3754 1.193902 0.548935
3755 1.194244 0.549094
3756 1.194618 0.549258
3757 1.194971 0.549419
3758 1.195337 0.549577
3759 1.195699 0.549741
3760 1.196054 0.549901
3761 1.196423 0.550061
3762 1.196768 0.550224
3763 1.197147 0.550384
3764 1.197483 0.550545
3765 1.197872 0.550707
3766 1.198199 0.550867
3767 1.198586 0.551030
3768 1.198913 0.551191
3769 1.199301 0.551350
3770 1.199628 0.551514
3771 1.200015 0.551674
3772 1.200352 0.551833
3773 1.200730 0.551997
3774 1.201078 0.552157
3775 1.201448 0.552317
3776 1.201806 0.552480
3777 1.202168 0.552640
3778 1.202532 0.552802
3779 1.202882 0.552963
3780 1.203255 0.553123
3781 1.203596 0.553286
3782 1.203980 0.553447
3783 1.204313 0.553606
3784 1.204700 0.553770
3785 1.205027 0.553930
3786 1.205414 0.554089
3787 1.205742 0.554252
3788 1.206129 0.554413
3789 1.206460 0.554574
3790 1.206843 0.554735
3791 1.207185 0.554895
3792 1.207560 0.555058
3793 1.207912 0.555219
3794 1.208279 0.555378
3795 1.208641 0.555542
3796 1.208996 0.555702
3797 1.209364 0.555861
3798 1.209710 0.556025
3799 1.210088 0.556185
3800 1.210425 0.556345
3801 1.210813 0.556508
3802 1.211141 0.556668
3803 1.211527 0.556830
3804 1.211856 0.556991
3805 1.212242 0.557151
3806 1.212570 0.557315
3807 1.212956 0.557475
3808 1.213293 0.557634
3809 1.213672 0.557798
3810 1.214018 0.557958
3811 1.214390 0.558118
3812 1.214747 0.558281
3813 1.215109 0.558441
3814 1.215473 0.558602
3815 1.215824 0.558764
3816 1.216197 0.558924
3817 1.216538 0.559087
3818 1.216921 0.559247
3819 1.217255 0.559407
3820 1.217641 0.559570
3821 1.217969 0.559731
3822 1.218356 0.559890
3823 1.218684 0.560053
3824 1.219070 0.560214
3825 1.219401 0.560374
3826 1.219784 0.560536
3827 1.220126 0.560697
3828 1.220501 0.560859
3829 1.220853 0.561020
3830 1.221220 0.561179
3831 1.221581 0.561343
3832 1.221938 0.561503
3833 1.222306 0.561662
3834 1.222652 0.561826
3835 1.223029 0.561986
3836 1.223367 0.562146
3837 1.223754 0.562309
3838 1.224083 0.562469
3839 1.224469 0.562630
3840 1.224798 0.562792
3841 1.225184 0.562952
3842 1.225512 0.563115
3843 1.225898 0.563276
3844 1.226233 0.563435
3845 1.226613 0.563599
3846 1.226959 0.563759
3847 1.227332 0.563919
3848 1.227688 0.564081
3849 1.228051 0.564242
3850 1.228415 0.564402
3851 1.228766 0.564564
3852 1.229138 0.564725
3853 1.229480 0.564887
3854 1.229862 0.565048
3855 1.230196 0.565208
3856 1.230582 0.565371
3857 1.230911 0.565532
3858 1.231297 0.565691
3859 1.231626 0.565854
3860 1.232012 0.566014
3861 1.232342 0.566175
3862 1.232726 0.566337
3863 1.233066 0.566498
3864 1.233442 0.566659
3865 1.233794 0.566820
3866 1.234162 0.566980
3867 1.234522 0.567144
3868 1.234880 0.567304
3869 1.235247 0.567463
3870 1.235594 0.567627
3871 1.235970 0.567787
3872 1.236309 0.567947
3873 1.236695 0.568110
3874 1.237025 0.568270
3875 1.237410 0.568431
3876 1.237740 0.568592
3877 1.238125 0.568753
3878 1.238455 0.568915
3879 1.238840 0.569076
3880 1.239174 0.569236
3881 1.239554 0.569399
3882 1.239900 0.569560
3883 1.240273 0.569719
3884 1.240629 0.569882
3885 1.240992 0.570043
3886 1.241356 0.570203
3887 1.241708 0.570365
3888 1.242079 0.570526
3889 1.242422 0.570687
3890 1.242803 0.570849
3891 1.243138 0.571009
3892 1.243524 0.571172
3893 1.243854 0.571333
3894 1.244238 0.571492
3895 1.244568 0.571655
3896 1.244953 0.571816
3897 1.245283 0.571976
3898 1.245667 0.572138
3899 1.246007 0.572299
3900 1.246384 0.572459
3901 1.246735 0.572621
3902 1.247104 0.572782
3903 1.247463 0.572944
3904 1.247822 0.573105
3905 1.248188 0.573264
3906 1.248536 0.573428
3907 1.248912 0.573588
3908 1.249251 0.573748
3909 1.249637 0.573910
3910 1.249968 0.574071
3911 1.250352 0.574232
3912 1.250682 0.574393
3913 1.251067 0.574554
3914 1.251397 0.574716
3915 1.251781 0.574877
3916 1.252115 0.575037
3917 1.252496 0.575200
3918 1.252841 0.575361
3919 1.253215 0.575520
3920 1.253570 0.575683
3921 1.253934 0.575844
3922 1.254297 0.576004
3923 1.254650 0.576166
3924 1.255021 0.576327
3925 1.255364 0.576488
3926 1.255744 0.576649
3927 1.256080 0.576810
3928 1.256465 0.576972
3929 1.256796 0.577133
3930 1.257180 0.577293
3931 1.257511 0.577456
3932 1.257895 0.577617
3933 1.258225 0.577776
3934 1.258609 0.577939
3935 1.258947 0.578099
3936 1.259325 0.578260
3937 1.259676 0.578422
3938 1.260045 0.578583
3939 1.260404 0.578744
3940 1.260764 0.578905
3941 1.261130 0.579065
3942 1.261478 0.579228
3943 1.261853 0.579389
3944 1.262193 0.579548
3945 1.262578 0.579711
3946 1.262910 0.579872
3947 1.263294 0.580033
3948 1.263624 0.580194
3949 1.264008 0.580355
3950 1.264339 0.580516
3951 1.264723 0.580677
3952 1.265056 0.580838
3953 1.265437 0.581001
3954 1.265781 0.581162
3955 1.266157 0.581321
3956 1.266510 0.581484
3957 1.266876 0.581645
3958 1.267238 0.581805
3959 1.267592 0.581967
3960 1.267962 0.582128
3961 1.268306 0.582289
3962 1.268686 0.582450
3963 1.269022 0.582611
3964 1.269407 0.582773
3965 1.269738 0.582934
3966 1.270121 0.583094
3967 1.270453 0.583256
3968 1.270836 0.583417
3969 1.271167 0.583577
3970 1.271551 0.583740
3971 1.271888 0.583900
3972 1.272267 0.584061
3973 1.272617 0.584222
3974 1.272987 0.584384
3975 1.273345 0.584544
3976 1.273706 0.584706
3977 1.274071 0.584866
3978 1.274420 0.585029
3979 1.274795 0.585190
3980 1.275135 0.585349
3981 1.275519 0.585512
3982 1.275852 0.585673
3983 1.276235 0.585833
3984 1.276566 0.585995
3985 1.276950 0.586156
3986 1.277281 0.586317
3987 1.277664 0.586478
3988 1.277997 0.586639
3989 1.278379 0.586801
3990 1.278722 0.586962
3991 1.279098 0.587122
3992 1.279451 0.587285
3993 1.279817 0.587446
3994 1.280180 0.587605
3995 1.280534 0.587768
3996 1.280904 0.587929
3997 1.281249 0.588090
3998 1.281627 0.588251
3999 1.281964 0.588412
4000 1.282348 0.588573
